FoamFile
{
 version 2.0;
 format ascii;
 class volVectorField;
 object U;
}
dimensions [0 1 -1 0 0 0 0];
internalField uniform (0.014999999999999999 0 0);
boundaryField {
 inlet { type fixedValue; value nonuniform List<vector> 80 ( (0.00055894070775720653 0 0)
(0.0016557300210921022 0 0)
(0.0027243965315209753 0 0)
(0.0037649402390438251 0 0)
(0.0047773611436606519 0 0)
(0.0057616592453714564 0 0)
(0.006717834544176236 0 0)
(0.0076458870400749951 0 0)
(0.0085458167330677293 0 0)
(0.0094176236231544412 0 0)
(0.01026130771033513 0 0)
(0.011076868994609796 0 0)
(0.011864307475978438 0 0)
(0.012623623154441059 0 0)
(0.013354816029997659 0 0)
(0.014057886102648231 0 0)
(0.014732833372392781 0 0)
(0.015379657839231311 0 0)
(0.015998359503163816 0 0)
(0.016588938364190297 0 0)
(0.017151394422310756 0 0)
(0.017685727677525191 0 0)
(0.018191938129833607 0 0)
(0.018670025779236002 0 0)
(0.019119990625732369 0 0)
(0.01954183266932271 0 0)
(0.019935551910007031 0 0)
(0.02030114834778533 0 0)
(0.020638621982657607 0 0)
(0.02094797281462386 0 0)
(0.021229200843684085 0 0)
(0.021482306069838294 0 0)
(0.021707288493086476 0 0)
(0.02190414811342864 0 0)
(0.022072884930864775 0 0)
(0.022213498945394889 0 0)
(0.022325990157018978 0 0)
(0.022410358565737053 0 0)
(0.022466604171549099 0 0)
(0.02249472697445512 0 0)
(0.022494726974455124 0 0)
(0.022466604171549096 0 0)
(0.022410358565737053 0 0)
(0.022325990157018982 0 0)
(0.022213498945394893 0 0)
(0.022072884930864775 0 0)
(0.02190414811342864 0 0)
(0.02170728849308648 0 0)
(0.021482306069838298 0 0)
(0.021229200843684085 0 0)
(0.02094797281462386 0 0)
(0.020638621982657607 0 0)
(0.02030114834778533 0 0)
(0.019935551910007034 0 0)
(0.01954183266932271 0 0)
(0.019119990625732369 0 0)
(0.018670025779235998 0 0)
(0.018191938129833607 0 0)
(0.017685727677525197 0 0)
(0.017151394422310756 0 0)
(0.0165889383641903 0 0)
(0.015998359503163813 0 0)
(0.015379657839231311 0 0)
(0.014732833372392782 0 0)
(0.014057886102648231 0 0)
(0.013354816029997657 0 0)
(0.012623623154441056 0 0)
(0.011864307475978438 0 0)
(0.011076868994609799 0 0)
(0.010261307710335127 0 0)
(0.0094176236231544429 0 0)
(0.0085458167330677258 0 0)
(0.0076458870400749951 0 0)
(0.0067178345441762403 0 0)
(0.0057616592453714538 0 0)
(0.0047773611436606536 0 0)
(0.0037649402390438208 0 0)
(0.0027243965315209753 0 0)
(0.0016557300210921059 0 0)
(0.00055894070775720458 0 0) ); }
 outlet { type zeroGradient; }
 walls { type noSlip; }
 frontAndBack { type empty; }
}
