/*--------------------------------*- C++ -*----------------------------------*\
| =========                 |                                                 |
| \\      /  F ield         | OpenFOAM: The Open Source CFD Toolbox           |
|  \\    /   O peration     | Version:                                        |
|   \\  /    A nd           | Website:  www.openfoam.com                      |
|    \\/     M anipulation  |                                                 |
\*---------------------------------------------------------------------------*/
FoamFile
{
    version     2.0;
    format      ascii;
    class       labelList;
    note        "nPoints:2470  nCells:1152  nFaces:4690  nInternalFaces:2222";
    location    "constant/polyMesh";
    object      neighbour;
}
// * * * * * * * * * * * * * * * * * * * * * * * * * * * * * * * * * * * * * //


2222
(
1
64
2
65
3
66
4
67
5
68
6
69
7
70
8
71
9
72
10
73
11
74
12
75
13
76
14
77
15
78
16
79
17
80
18
81
19
82
20
83
21
84
22
85
23
86
24
87
25
88
26
89
27
90
28
91
29
92
30
93
31
94
32
95
33
96
34
97
35
98
36
99
37
100
38
101
39
102
40
103
41
104
42
105
43
106
44
107
45
108
46
109
47
110
48
111
49
112
50
113
51
114
52
115
53
116
54
117
55
118
56
119
57
120
58
121
59
122
60
123
61
124
62
125
63
126
127
65
128
66
129
67
130
68
131
69
132
70
133
71
134
72
135
73
136
74
137
75
138
76
139
77
140
78
141
79
142
80
143
81
144
82
145
83
146
84
147
85
148
86
149
87
150
88
151
89
152
90
153
91
154
92
155
93
156
94
157
95
158
96
159
97
160
98
161
99
162
100
163
101
164
102
165
103
166
104
167
105
168
106
169
107
170
108
171
109
172
110
173
111
174
112
175
113
176
114
177
115
178
116
179
117
180
118
181
119
182
120
183
121
184
122
185
123
186
124
187
125
188
126
189
127
190
191
129
192
130
193
131
194
132
195
133
196
134
197
135
198
136
199
137
200
138
201
139
202
140
203
141
204
142
205
143
206
144
207
145
208
146
209
147
210
148
211
149
212
150
213
151
214
152
215
153
216
154
217
155
218
156
219
157
220
158
221
159
222
160
223
161
224
162
225
163
226
164
227
165
228
166
229
167
230
168
231
169
232
170
233
171
234
172
235
173
236
174
237
175
238
176
239
177
240
178
241
179
242
180
243
181
244
182
245
183
246
184
247
185
248
186
249
187
250
188
251
189
252
190
253
191
254
255
193
256
194
257
195
258
196
259
197
260
198
261
199
262
200
263
201
264
202
265
203
266
204
267
205
268
206
269
207
270
208
271
209
272
210
273
211
274
212
275
213
276
214
277
215
278
216
279
217
280
218
281
219
282
220
283
221
284
222
285
223
286
224
287
225
288
226
289
227
290
228
291
229
292
230
293
231
294
232
295
233
296
234
297
235
298
236
299
237
300
238
301
239
302
240
303
241
304
242
305
243
306
244
307
245
308
246
309
247
310
248
311
249
312
250
313
251
314
252
315
253
316
254
317
255
318
319
257
320
258
321
259
322
260
323
261
324
262
325
263
326
264
327
265
328
266
329
267
330
268
331
269
332
270
333
271
334
272
335
273
336
274
337
275
338
276
339
277
340
278
341
279
342
280
343
281
344
282
345
283
346
284
347
285
348
286
349
287
350
288
351
289
352
290
353
291
354
292
355
293
356
294
357
295
358
296
359
297
360
298
361
299
362
300
363
301
364
302
365
303
366
304
367
305
368
306
369
307
370
308
371
309
372
310
373
311
374
312
375
313
376
314
377
315
378
316
379
317
380
318
381
319
382
383
321
384
322
385
323
386
324
387
325
388
326
389
327
390
328
391
329
392
330
393
331
394
332
395
333
396
334
397
335
398
336
399
337
400
338
401
339
402
340
403
341
404
342
405
343
406
344
407
345
408
346
409
347
410
348
411
349
412
350
413
351
414
352
415
353
416
354
417
355
418
356
419
357
420
358
421
359
422
360
423
361
424
362
425
363
426
364
427
365
428
366
429
367
430
368
431
369
432
370
433
371
434
372
435
373
436
374
437
375
438
376
439
377
440
378
441
379
442
380
443
381
444
382
445
383
446
447
385
448
386
449
387
450
388
451
389
452
390
453
391
454
392
455
393
456
394
457
395
458
396
459
397
460
398
461
399
462
400
463
401
464
402
465
403
466
404
467
405
468
406
469
407
470
408
471
409
472
410
473
411
474
412
475
413
476
414
477
415
478
416
479
417
480
418
481
419
482
420
483
421
484
422
485
423
486
424
487
425
488
426
489
427
490
428
491
429
492
430
493
431
494
432
495
433
496
434
497
435
498
436
499
437
500
438
501
439
502
440
503
441
504
442
505
443
506
444
507
445
508
446
509
447
510
511
449
512
450
513
451
514
452
515
453
516
454
517
455
518
456
519
457
520
458
521
459
522
460
523
461
524
462
525
463
526
464
527
465
528
466
529
467
530
468
531
469
532
470
533
471
534
472
535
473
536
474
537
475
538
476
539
477
540
478
541
479
542
480
543
481
544
482
545
483
546
484
547
485
548
486
549
487
550
488
551
489
552
490
553
491
554
492
555
493
556
494
557
495
558
496
559
497
560
498
561
499
562
500
563
501
564
502
565
503
566
504
567
505
568
506
569
507
570
508
571
509
572
510
573
511
574
575
513
576
514
577
515
578
516
579
517
580
518
581
519
582
520
583
521
584
522
585
523
586
524
587
525
588
526
589
527
590
528
591
529
592
530
593
531
594
532
595
533
596
534
597
535
598
536
599
537
600
538
601
539
602
540
603
541
604
542
605
543
606
544
607
545
608
546
609
547
610
548
611
549
612
550
613
551
614
552
615
553
616
554
617
555
618
556
619
557
620
558
621
559
622
560
623
561
624
562
625
563
626
564
627
565
628
566
629
567
630
568
631
569
632
570
633
571
634
572
635
573
636
574
637
575
638
639
577
640
578
641
579
642
580
643
581
644
582
645
583
646
584
647
585
648
586
649
587
650
588
651
589
652
590
653
591
654
592
655
593
656
594
657
595
658
596
659
597
660
598
661
599
662
600
663
601
664
602
665
603
666
604
667
605
668
606
669
607
670
608
671
609
672
610
673
611
674
612
675
613
676
614
677
615
678
616
679
617
680
618
681
619
682
620
683
621
684
622
685
623
686
624
687
625
688
626
689
627
690
628
691
629
692
630
693
631
694
632
695
633
696
634
697
635
698
636
699
637
700
638
701
639
702
703
641
704
642
705
643
706
644
707
645
708
646
709
647
710
648
711
649
712
650
713
651
714
652
715
653
716
654
717
655
718
656
719
657
720
658
721
659
722
660
723
661
724
662
725
663
726
664
727
665
728
666
729
667
730
668
731
669
732
670
733
671
734
672
735
673
736
674
737
675
738
676
739
677
740
678
741
679
742
680
743
681
744
682
745
683
746
684
747
685
748
686
749
687
750
688
751
689
752
690
753
691
754
692
755
693
756
694
757
695
758
696
759
697
760
698
761
699
762
700
763
701
764
702
765
703
766
767
705
768
706
769
707
770
708
771
709
772
710
773
711
774
712
775
713
776
714
777
715
778
716
779
717
780
718
781
719
782
720
783
721
784
722
785
723
786
724
787
725
788
726
789
727
790
728
791
729
792
730
793
731
794
732
795
733
796
734
797
735
798
736
799
737
800
738
801
739
802
740
803
741
804
742
805
743
806
744
807
745
808
746
809
747
810
748
811
749
812
750
813
751
814
752
815
753
816
754
817
755
818
756
819
757
820
758
821
759
822
760
823
761
824
762
825
763
826
764
827
765
828
766
829
767
830
831
769
832
770
833
771
834
772
835
773
836
774
837
775
838
776
839
777
840
778
841
779
842
780
843
781
844
782
845
783
846
784
847
785
848
786
849
787
850
788
851
789
852
790
853
791
854
792
855
793
856
794
857
795
858
796
859
797
860
798
861
799
862
800
863
801
864
802
865
803
866
804
867
805
868
806
869
807
870
808
871
809
872
810
873
811
874
812
875
813
876
814
877
815
878
816
879
817
880
818
881
819
882
820
883
821
884
822
885
823
886
824
887
825
888
826
889
827
890
828
891
829
892
830
893
831
894
895
833
896
834
897
835
898
836
899
837
900
838
901
839
902
840
903
841
904
842
905
843
906
844
907
845
908
846
909
847
910
848
911
849
912
850
913
851
914
852
915
853
916
854
917
855
918
856
919
857
920
858
921
859
922
860
923
861
924
862
925
863
926
864
927
865
928
866
929
867
930
868
931
869
932
870
933
871
934
872
935
873
936
874
937
875
938
876
939
877
940
878
941
879
942
880
943
881
944
882
945
883
946
884
947
885
948
886
949
887
950
888
951
889
952
890
953
891
954
892
955
893
956
894
957
895
958
959
897
960
898
961
899
962
900
963
901
964
902
965
903
966
904
967
905
968
906
969
907
970
908
971
909
972
910
973
911
974
912
975
913
976
914
977
915
978
916
979
917
980
918
981
919
982
920
983
921
984
922
985
923
986
924
987
925
988
926
989
927
990
928
991
929
992
930
993
931
994
932
995
933
996
934
997
935
998
936
999
937
1000
938
1001
939
1002
940
1003
941
1004
942
1005
943
1006
944
1007
945
1008
946
1009
947
1010
948
1011
949
1012
950
1013
951
1014
952
1015
953
1016
954
1017
955
1018
956
1019
957
1020
958
1021
959
1022
1023
961
1024
962
1025
963
1026
964
1027
965
1028
966
1029
967
1030
968
1031
969
1032
970
1033
971
1034
972
1035
973
1036
974
1037
975
1038
976
1039
977
1040
978
1041
979
1042
980
1043
981
1044
982
1045
983
1046
984
1047
985
1048
986
1049
987
1050
988
1051
989
1052
990
1053
991
1054
992
1055
993
1056
994
1057
995
1058
996
1059
997
1060
998
1061
999
1062
1000
1063
1001
1064
1002
1065
1003
1066
1004
1067
1005
1068
1006
1069
1007
1070
1008
1071
1009
1072
1010
1073
1011
1074
1012
1075
1013
1076
1014
1077
1015
1078
1016
1079
1017
1080
1018
1081
1019
1082
1020
1083
1021
1084
1022
1085
1023
1086
1087
1025
1088
1026
1089
1027
1090
1028
1091
1029
1092
1030
1093
1031
1094
1032
1095
1033
1096
1034
1097
1035
1098
1036
1099
1037
1100
1038
1101
1039
1102
1040
1103
1041
1104
1042
1105
1043
1106
1044
1107
1045
1108
1046
1109
1047
1110
1048
1111
1049
1112
1050
1113
1051
1114
1052
1115
1053
1116
1054
1117
1055
1118
1056
1119
1057
1120
1058
1121
1059
1122
1060
1123
1061
1124
1062
1125
1063
1126
1064
1127
1065
1128
1066
1129
1067
1130
1068
1131
1069
1132
1070
1133
1071
1134
1072
1135
1073
1136
1074
1137
1075
1138
1076
1139
1077
1140
1078
1141
1079
1142
1080
1143
1081
1144
1082
1145
1083
1146
1084
1147
1085
1148
1086
1149
1087
1150
1151
1089
1090
1091
1092
1093
1094
1095
1096
1097
1098
1099
1100
1101
1102
1103
1104
1105
1106
1107
1108
1109
1110
1111
1112
1113
1114
1115
1116
1117
1118
1119
1120
1121
1122
1123
1124
1125
1126
1127
1128
1129
1130
1131
1132
1133
1134
1135
1136
1137
1138
1139
1140
1141
1142
1143
1144
1145
1146
1147
1148
1149
1150
1151
)


// ************************************************************************* //
