/*--------------------------------*- C++ -*----------------------------------*\
| =========                 |                                                 |
| \\      /  F ield         | OpenFOAM: The Open Source CFD Toolbox           |
|  \\    /   O peration     | Version:                                        |
|   \\  /    A nd           | Website:  www.openfoam.com                      |
|    \\/     M anipulation  |                                                 |
\*---------------------------------------------------------------------------*/
FoamFile
{
    version     2.0;
    format      ascii;
    class       labelList;
    note        "nPoints:2470  nCells:1152  nFaces:4690  nInternalFaces:2222";
    location    "constant/polyMesh";
    object      owner;
}
// * * * * * * * * * * * * * * * * * * * * * * * * * * * * * * * * * * * * * //


4690
(
0
0
1
1
2
2
3
3
4
4
5
5
6
6
7
7
8
8
9
9
10
10
11
11
12
12
13
13
14
14
15
15
16
16
17
17
18
18
19
19
20
20
21
21
22
22
23
23
24
24
25
25
26
26
27
27
28
28
29
29
30
30
31
31
32
32
33
33
34
34
35
35
36
36
37
37
38
38
39
39
40
40
41
41
42
42
43
43
44
44
45
45
46
46
47
47
48
48
49
49
50
50
51
51
52
52
53
53
54
54
55
55
56
56
57
57
58
58
59
59
60
60
61
61
62
62
63
64
64
65
65
66
66
67
67
68
68
69
69
70
70
71
71
72
72
73
73
74
74
75
75
76
76
77
77
78
78
79
79
80
80
81
81
82
82
83
83
84
84
85
85
86
86
87
87
88
88
89
89
90
90
91
91
92
92
93
93
94
94
95
95
96
96
97
97
98
98
99
99
100
100
101
101
102
102
103
103
104
104
105
105
106
106
107
107
108
108
109
109
110
110
111
111
112
112
113
113
114
114
115
115
116
116
117
117
118
118
119
119
120
120
121
121
122
122
123
123
124
124
125
125
126
126
127
128
128
129
129
130
130
131
131
132
132
133
133
134
134
135
135
136
136
137
137
138
138
139
139
140
140
141
141
142
142
143
143
144
144
145
145
146
146
147
147
148
148
149
149
150
150
151
151
152
152
153
153
154
154
155
155
156
156
157
157
158
158
159
159
160
160
161
161
162
162
163
163
164
164
165
165
166
166
167
167
168
168
169
169
170
170
171
171
172
172
173
173
174
174
175
175
176
176
177
177
178
178
179
179
180
180
181
181
182
182
183
183
184
184
185
185
186
186
187
187
188
188
189
189
190
190
191
192
192
193
193
194
194
195
195
196
196
197
197
198
198
199
199
200
200
201
201
202
202
203
203
204
204
205
205
206
206
207
207
208
208
209
209
210
210
211
211
212
212
213
213
214
214
215
215
216
216
217
217
218
218
219
219
220
220
221
221
222
222
223
223
224
224
225
225
226
226
227
227
228
228
229
229
230
230
231
231
232
232
233
233
234
234
235
235
236
236
237
237
238
238
239
239
240
240
241
241
242
242
243
243
244
244
245
245
246
246
247
247
248
248
249
249
250
250
251
251
252
252
253
253
254
254
255
256
256
257
257
258
258
259
259
260
260
261
261
262
262
263
263
264
264
265
265
266
266
267
267
268
268
269
269
270
270
271
271
272
272
273
273
274
274
275
275
276
276
277
277
278
278
279
279
280
280
281
281
282
282
283
283
284
284
285
285
286
286
287
287
288
288
289
289
290
290
291
291
292
292
293
293
294
294
295
295
296
296
297
297
298
298
299
299
300
300
301
301
302
302
303
303
304
304
305
305
306
306
307
307
308
308
309
309
310
310
311
311
312
312
313
313
314
314
315
315
316
316
317
317
318
318
319
320
320
321
321
322
322
323
323
324
324
325
325
326
326
327
327
328
328
329
329
330
330
331
331
332
332
333
333
334
334
335
335
336
336
337
337
338
338
339
339
340
340
341
341
342
342
343
343
344
344
345
345
346
346
347
347
348
348
349
349
350
350
351
351
352
352
353
353
354
354
355
355
356
356
357
357
358
358
359
359
360
360
361
361
362
362
363
363
364
364
365
365
366
366
367
367
368
368
369
369
370
370
371
371
372
372
373
373
374
374
375
375
376
376
377
377
378
378
379
379
380
380
381
381
382
382
383
384
384
385
385
386
386
387
387
388
388
389
389
390
390
391
391
392
392
393
393
394
394
395
395
396
396
397
397
398
398
399
399
400
400
401
401
402
402
403
403
404
404
405
405
406
406
407
407
408
408
409
409
410
410
411
411
412
412
413
413
414
414
415
415
416
416
417
417
418
418
419
419
420
420
421
421
422
422
423
423
424
424
425
425
426
426
427
427
428
428
429
429
430
430
431
431
432
432
433
433
434
434
435
435
436
436
437
437
438
438
439
439
440
440
441
441
442
442
443
443
444
444
445
445
446
446
447
448
448
449
449
450
450
451
451
452
452
453
453
454
454
455
455
456
456
457
457
458
458
459
459
460
460
461
461
462
462
463
463
464
464
465
465
466
466
467
467
468
468
469
469
470
470
471
471
472
472
473
473
474
474
475
475
476
476
477
477
478
478
479
479
480
480
481
481
482
482
483
483
484
484
485
485
486
486
487
487
488
488
489
489
490
490
491
491
492
492
493
493
494
494
495
495
496
496
497
497
498
498
499
499
500
500
501
501
502
502
503
503
504
504
505
505
506
506
507
507
508
508
509
509
510
510
511
512
512
513
513
514
514
515
515
516
516
517
517
518
518
519
519
520
520
521
521
522
522
523
523
524
524
525
525
526
526
527
527
528
528
529
529
530
530
531
531
532
532
533
533
534
534
535
535
536
536
537
537
538
538
539
539
540
540
541
541
542
542
543
543
544
544
545
545
546
546
547
547
548
548
549
549
550
550
551
551
552
552
553
553
554
554
555
555
556
556
557
557
558
558
559
559
560
560
561
561
562
562
563
563
564
564
565
565
566
566
567
567
568
568
569
569
570
570
571
571
572
572
573
573
574
574
575
576
576
577
577
578
578
579
579
580
580
581
581
582
582
583
583
584
584
585
585
586
586
587
587
588
588
589
589
590
590
591
591
592
592
593
593
594
594
595
595
596
596
597
597
598
598
599
599
600
600
601
601
602
602
603
603
604
604
605
605
606
606
607
607
608
608
609
609
610
610
611
611
612
612
613
613
614
614
615
615
616
616
617
617
618
618
619
619
620
620
621
621
622
622
623
623
624
624
625
625
626
626
627
627
628
628
629
629
630
630
631
631
632
632
633
633
634
634
635
635
636
636
637
637
638
638
639
640
640
641
641
642
642
643
643
644
644
645
645
646
646
647
647
648
648
649
649
650
650
651
651
652
652
653
653
654
654
655
655
656
656
657
657
658
658
659
659
660
660
661
661
662
662
663
663
664
664
665
665
666
666
667
667
668
668
669
669
670
670
671
671
672
672
673
673
674
674
675
675
676
676
677
677
678
678
679
679
680
680
681
681
682
682
683
683
684
684
685
685
686
686
687
687
688
688
689
689
690
690
691
691
692
692
693
693
694
694
695
695
696
696
697
697
698
698
699
699
700
700
701
701
702
702
703
704
704
705
705
706
706
707
707
708
708
709
709
710
710
711
711
712
712
713
713
714
714
715
715
716
716
717
717
718
718
719
719
720
720
721
721
722
722
723
723
724
724
725
725
726
726
727
727
728
728
729
729
730
730
731
731
732
732
733
733
734
734
735
735
736
736
737
737
738
738
739
739
740
740
741
741
742
742
743
743
744
744
745
745
746
746
747
747
748
748
749
749
750
750
751
751
752
752
753
753
754
754
755
755
756
756
757
757
758
758
759
759
760
760
761
761
762
762
763
763
764
764
765
765
766
766
767
768
768
769
769
770
770
771
771
772
772
773
773
774
774
775
775
776
776
777
777
778
778
779
779
780
780
781
781
782
782
783
783
784
784
785
785
786
786
787
787
788
788
789
789
790
790
791
791
792
792
793
793
794
794
795
795
796
796
797
797
798
798
799
799
800
800
801
801
802
802
803
803
804
804
805
805
806
806
807
807
808
808
809
809
810
810
811
811
812
812
813
813
814
814
815
815
816
816
817
817
818
818
819
819
820
820
821
821
822
822
823
823
824
824
825
825
826
826
827
827
828
828
829
829
830
830
831
832
832
833
833
834
834
835
835
836
836
837
837
838
838
839
839
840
840
841
841
842
842
843
843
844
844
845
845
846
846
847
847
848
848
849
849
850
850
851
851
852
852
853
853
854
854
855
855
856
856
857
857
858
858
859
859
860
860
861
861
862
862
863
863
864
864
865
865
866
866
867
867
868
868
869
869
870
870
871
871
872
872
873
873
874
874
875
875
876
876
877
877
878
878
879
879
880
880
881
881
882
882
883
883
884
884
885
885
886
886
887
887
888
888
889
889
890
890
891
891
892
892
893
893
894
894
895
896
896
897
897
898
898
899
899
900
900
901
901
902
902
903
903
904
904
905
905
906
906
907
907
908
908
909
909
910
910
911
911
912
912
913
913
914
914
915
915
916
916
917
917
918
918
919
919
920
920
921
921
922
922
923
923
924
924
925
925
926
926
927
927
928
928
929
929
930
930
931
931
932
932
933
933
934
934
935
935
936
936
937
937
938
938
939
939
940
940
941
941
942
942
943
943
944
944
945
945
946
946
947
947
948
948
949
949
950
950
951
951
952
952
953
953
954
954
955
955
956
956
957
957
958
958
959
960
960
961
961
962
962
963
963
964
964
965
965
966
966
967
967
968
968
969
969
970
970
971
971
972
972
973
973
974
974
975
975
976
976
977
977
978
978
979
979
980
980
981
981
982
982
983
983
984
984
985
985
986
986
987
987
988
988
989
989
990
990
991
991
992
992
993
993
994
994
995
995
996
996
997
997
998
998
999
999
1000
1000
1001
1001
1002
1002
1003
1003
1004
1004
1005
1005
1006
1006
1007
1007
1008
1008
1009
1009
1010
1010
1011
1011
1012
1012
1013
1013
1014
1014
1015
1015
1016
1016
1017
1017
1018
1018
1019
1019
1020
1020
1021
1021
1022
1022
1023
1024
1024
1025
1025
1026
1026
1027
1027
1028
1028
1029
1029
1030
1030
1031
1031
1032
1032
1033
1033
1034
1034
1035
1035
1036
1036
1037
1037
1038
1038
1039
1039
1040
1040
1041
1041
1042
1042
1043
1043
1044
1044
1045
1045
1046
1046
1047
1047
1048
1048
1049
1049
1050
1050
1051
1051
1052
1052
1053
1053
1054
1054
1055
1055
1056
1056
1057
1057
1058
1058
1059
1059
1060
1060
1061
1061
1062
1062
1063
1063
1064
1064
1065
1065
1066
1066
1067
1067
1068
1068
1069
1069
1070
1070
1071
1071
1072
1072
1073
1073
1074
1074
1075
1075
1076
1076
1077
1077
1078
1078
1079
1079
1080
1080
1081
1081
1082
1082
1083
1083
1084
1084
1085
1085
1086
1086
1087
1088
1089
1090
1091
1092
1093
1094
1095
1096
1097
1098
1099
1100
1101
1102
1103
1104
1105
1106
1107
1108
1109
1110
1111
1112
1113
1114
1115
1116
1117
1118
1119
1120
1121
1122
1123
1124
1125
1126
1127
1128
1129
1130
1131
1132
1133
1134
1135
1136
1137
1138
1139
1140
1141
1142
1143
1144
1145
1146
1147
1148
1149
1150
0
64
128
192
256
320
384
448
512
576
640
704
768
832
896
960
1024
1088
63
127
191
255
319
383
447
511
575
639
703
767
831
895
959
1023
1087
1151
0
1
2
3
4
5
6
7
8
9
10
11
12
13
14
15
16
17
18
19
20
21
22
23
24
25
26
27
28
29
30
31
32
33
34
35
36
37
38
39
40
41
42
43
44
45
46
47
48
49
50
51
52
53
54
55
56
57
58
59
60
61
62
63
1088
1089
1090
1091
1092
1093
1094
1095
1096
1097
1098
1099
1100
1101
1102
1103
1104
1105
1106
1107
1108
1109
1110
1111
1112
1113
1114
1115
1116
1117
1118
1119
1120
1121
1122
1123
1124
1125
1126
1127
1128
1129
1130
1131
1132
1133
1134
1135
1136
1137
1138
1139
1140
1141
1142
1143
1144
1145
1146
1147
1148
1149
1150
1151
0
64
128
192
256
320
384
448
512
576
640
704
768
832
896
960
1024
1088
1
65
129
193
257
321
385
449
513
577
641
705
769
833
897
961
1025
1089
2
66
130
194
258
322
386
450
514
578
642
706
770
834
898
962
1026
1090
3
67
131
195
259
323
387
451
515
579
643
707
771
835
899
963
1027
1091
4
68
132
196
260
324
388
452
516
580
644
708
772
836
900
964
1028
1092
5
69
133
197
261
325
389
453
517
581
645
709
773
837
901
965
1029
1093
6
70
134
198
262
326
390
454
518
582
646
710
774
838
902
966
1030
1094
7
71
135
199
263
327
391
455
519
583
647
711
775
839
903
967
1031
1095
8
72
136
200
264
328
392
456
520
584
648
712
776
840
904
968
1032
1096
9
73
137
201
265
329
393
457
521
585
649
713
777
841
905
969
1033
1097
10
74
138
202
266
330
394
458
522
586
650
714
778
842
906
970
1034
1098
11
75
139
203
267
331
395
459
523
587
651
715
779
843
907
971
1035
1099
12
76
140
204
268
332
396
460
524
588
652
716
780
844
908
972
1036
1100
13
77
141
205
269
333
397
461
525
589
653
717
781
845
909
973
1037
1101
14
78
142
206
270
334
398
462
526
590
654
718
782
846
910
974
1038
1102
15
79
143
207
271
335
399
463
527
591
655
719
783
847
911
975
1039
1103
16
80
144
208
272
336
400
464
528
592
656
720
784
848
912
976
1040
1104
17
81
145
209
273
337
401
465
529
593
657
721
785
849
913
977
1041
1105
18
82
146
210
274
338
402
466
530
594
658
722
786
850
914
978
1042
1106
19
83
147
211
275
339
403
467
531
595
659
723
787
851
915
979
1043
1107
20
84
148
212
276
340
404
468
532
596
660
724
788
852
916
980
1044
1108
21
85
149
213
277
341
405
469
533
597
661
725
789
853
917
981
1045
1109
22
86
150
214
278
342
406
470
534
598
662
726
790
854
918
982
1046
1110
23
87
151
215
279
343
407
471
535
599
663
727
791
855
919
983
1047
1111
24
88
152
216
280
344
408
472
536
600
664
728
792
856
920
984
1048
1112
25
89
153
217
281
345
409
473
537
601
665
729
793
857
921
985
1049
1113
26
90
154
218
282
346
410
474
538
602
666
730
794
858
922
986
1050
1114
27
91
155
219
283
347
411
475
539
603
667
731
795
859
923
987
1051
1115
28
92
156
220
284
348
412
476
540
604
668
732
796
860
924
988
1052
1116
29
93
157
221
285
349
413
477
541
605
669
733
797
861
925
989
1053
1117
30
94
158
222
286
350
414
478
542
606
670
734
798
862
926
990
1054
1118
31
95
159
223
287
351
415
479
543
607
671
735
799
863
927
991
1055
1119
32
96
160
224
288
352
416
480
544
608
672
736
800
864
928
992
1056
1120
33
97
161
225
289
353
417
481
545
609
673
737
801
865
929
993
1057
1121
34
98
162
226
290
354
418
482
546
610
674
738
802
866
930
994
1058
1122
35
99
163
227
291
355
419
483
547
611
675
739
803
867
931
995
1059
1123
36
100
164
228
292
356
420
484
548
612
676
740
804
868
932
996
1060
1124
37
101
165
229
293
357
421
485
549
613
677
741
805
869
933
997
1061
1125
38
102
166
230
294
358
422
486
550
614
678
742
806
870
934
998
1062
1126
39
103
167
231
295
359
423
487
551
615
679
743
807
871
935
999
1063
1127
40
104
168
232
296
360
424
488
552
616
680
744
808
872
936
1000
1064
1128
41
105
169
233
297
361
425
489
553
617
681
745
809
873
937
1001
1065
1129
42
106
170
234
298
362
426
490
554
618
682
746
810
874
938
1002
1066
1130
43
107
171
235
299
363
427
491
555
619
683
747
811
875
939
1003
1067
1131
44
108
172
236
300
364
428
492
556
620
684
748
812
876
940
1004
1068
1132
45
109
173
237
301
365
429
493
557
621
685
749
813
877
941
1005
1069
1133
46
110
174
238
302
366
430
494
558
622
686
750
814
878
942
1006
1070
1134
47
111
175
239
303
367
431
495
559
623
687
751
815
879
943
1007
1071
1135
48
112
176
240
304
368
432
496
560
624
688
752
816
880
944
1008
1072
1136
49
113
177
241
305
369
433
497
561
625
689
753
817
881
945
1009
1073
1137
50
114
178
242
306
370
434
498
562
626
690
754
818
882
946
1010
1074
1138
51
115
179
243
307
371
435
499
563
627
691
755
819
883
947
1011
1075
1139
52
116
180
244
308
372
436
500
564
628
692
756
820
884
948
1012
1076
1140
53
117
181
245
309
373
437
501
565
629
693
757
821
885
949
1013
1077
1141
54
118
182
246
310
374
438
502
566
630
694
758
822
886
950
1014
1078
1142
55
119
183
247
311
375
439
503
567
631
695
759
823
887
951
1015
1079
1143
56
120
184
248
312
376
440
504
568
632
696
760
824
888
952
1016
1080
1144
57
121
185
249
313
377
441
505
569
633
697
761
825
889
953
1017
1081
1145
58
122
186
250
314
378
442
506
570
634
698
762
826
890
954
1018
1082
1146
59
123
187
251
315
379
443
507
571
635
699
763
827
891
955
1019
1083
1147
60
124
188
252
316
380
444
508
572
636
700
764
828
892
956
1020
1084
1148
61
125
189
253
317
381
445
509
573
637
701
765
829
893
957
1021
1085
1149
62
126
190
254
318
382
446
510
574
638
702
766
830
894
958
1022
1086
1150
63
127
191
255
319
383
447
511
575
639
703
767
831
895
959
1023
1087
1151
0
64
128
192
256
320
384
448
512
576
640
704
768
832
896
960
1024
1088
1
65
129
193
257
321
385
449
513
577
641
705
769
833
897
961
1025
1089
2
66
130
194
258
322
386
450
514
578
642
706
770
834
898
962
1026
1090
3
67
131
195
259
323
387
451
515
579
643
707
771
835
899
963
1027
1091
4
68
132
196
260
324
388
452
516
580
644
708
772
836
900
964
1028
1092
5
69
133
197
261
325
389
453
517
581
645
709
773
837
901
965
1029
1093
6
70
134
198
262
326
390
454
518
582
646
710
774
838
902
966
1030
1094
7
71
135
199
263
327
391
455
519
583
647
711
775
839
903
967
1031
1095
8
72
136
200
264
328
392
456
520
584
648
712
776
840
904
968
1032
1096
9
73
137
201
265
329
393
457
521
585
649
713
777
841
905
969
1033
1097
10
74
138
202
266
330
394
458
522
586
650
714
778
842
906
970
1034
1098
11
75
139
203
267
331
395
459
523
587
651
715
779
843
907
971
1035
1099
12
76
140
204
268
332
396
460
524
588
652
716
780
844
908
972
1036
1100
13
77
141
205
269
333
397
461
525
589
653
717
781
845
909
973
1037
1101
14
78
142
206
270
334
398
462
526
590
654
718
782
846
910
974
1038
1102
15
79
143
207
271
335
399
463
527
591
655
719
783
847
911
975
1039
1103
16
80
144
208
272
336
400
464
528
592
656
720
784
848
912
976
1040
1104
17
81
145
209
273
337
401
465
529
593
657
721
785
849
913
977
1041
1105
18
82
146
210
274
338
402
466
530
594
658
722
786
850
914
978
1042
1106
19
83
147
211
275
339
403
467
531
595
659
723
787
851
915
979
1043
1107
20
84
148
212
276
340
404
468
532
596
660
724
788
852
916
980
1044
1108
21
85
149
213
277
341
405
469
533
597
661
725
789
853
917
981
1045
1109
22
86
150
214
278
342
406
470
534
598
662
726
790
854
918
982
1046
1110
23
87
151
215
279
343
407
471
535
599
663
727
791
855
919
983
1047
1111
24
88
152
216
280
344
408
472
536
600
664
728
792
856
920
984
1048
1112
25
89
153
217
281
345
409
473
537
601
665
729
793
857
921
985
1049
1113
26
90
154
218
282
346
410
474
538
602
666
730
794
858
922
986
1050
1114
27
91
155
219
283
347
411
475
539
603
667
731
795
859
923
987
1051
1115
28
92
156
220
284
348
412
476
540
604
668
732
796
860
924
988
1052
1116
29
93
157
221
285
349
413
477
541
605
669
733
797
861
925
989
1053
1117
30
94
158
222
286
350
414
478
542
606
670
734
798
862
926
990
1054
1118
31
95
159
223
287
351
415
479
543
607
671
735
799
863
927
991
1055
1119
32
96
160
224
288
352
416
480
544
608
672
736
800
864
928
992
1056
1120
33
97
161
225
289
353
417
481
545
609
673
737
801
865
929
993
1057
1121
34
98
162
226
290
354
418
482
546
610
674
738
802
866
930
994
1058
1122
35
99
163
227
291
355
419
483
547
611
675
739
803
867
931
995
1059
1123
36
100
164
228
292
356
420
484
548
612
676
740
804
868
932
996
1060
1124
37
101
165
229
293
357
421
485
549
613
677
741
805
869
933
997
1061
1125
38
102
166
230
294
358
422
486
550
614
678
742
806
870
934
998
1062
1126
39
103
167
231
295
359
423
487
551
615
679
743
807
871
935
999
1063
1127
40
104
168
232
296
360
424
488
552
616
680
744
808
872
936
1000
1064
1128
41
105
169
233
297
361
425
489
553
617
681
745
809
873
937
1001
1065
1129
42
106
170
234
298
362
426
490
554
618
682
746
810
874
938
1002
1066
1130
43
107
171
235
299
363
427
491
555
619
683
747
811
875
939
1003
1067
1131
44
108
172
236
300
364
428
492
556
620
684
748
812
876
940
1004
1068
1132
45
109
173
237
301
365
429
493
557
621
685
749
813
877
941
1005
1069
1133
46
110
174
238
302
366
430
494
558
622
686
750
814
878
942
1006
1070
1134
47
111
175
239
303
367
431
495
559
623
687
751
815
879
943
1007
1071
1135
48
112
176
240
304
368
432
496
560
624
688
752
816
880
944
1008
1072
1136
49
113
177
241
305
369
433
497
561
625
689
753
817
881
945
1009
1073
1137
50
114
178
242
306
370
434
498
562
626
690
754
818
882
946
1010
1074
1138
51
115
179
243
307
371
435
499
563
627
691
755
819
883
947
1011
1075
1139
52
116
180
244
308
372
436
500
564
628
692
756
820
884
948
1012
1076
1140
53
117
181
245
309
373
437
501
565
629
693
757
821
885
949
1013
1077
1141
54
118
182
246
310
374
438
502
566
630
694
758
822
886
950
1014
1078
1142
55
119
183
247
311
375
439
503
567
631
695
759
823
887
951
1015
1079
1143
56
120
184
248
312
376
440
504
568
632
696
760
824
888
952
1016
1080
1144
57
121
185
249
313
377
441
505
569
633
697
761
825
889
953
1017
1081
1145
58
122
186
250
314
378
442
506
570
634
698
762
826
890
954
1018
1082
1146
59
123
187
251
315
379
443
507
571
635
699
763
827
891
955
1019
1083
1147
60
124
188
252
316
380
444
508
572
636
700
764
828
892
956
1020
1084
1148
61
125
189
253
317
381
445
509
573
637
701
765
829
893
957
1021
1085
1149
62
126
190
254
318
382
446
510
574
638
702
766
830
894
958
1022
1086
1150
63
127
191
255
319
383
447
511
575
639
703
767
831
895
959
1023
1087
1151
)


// ************************************************************************* //
