/*--------------------------------*- C++ -*----------------------------------*\
| =========                 |                                                 |
| \\      /  F ield         | OpenFOAM: The Open Source CFD Toolbox           |
|  \\    /   O peration     | Version:                                        |
|   \\  /    A nd           | Website:  www.openfoam.com                      |
|    \\/     M anipulation  |                                                 |
\*---------------------------------------------------------------------------*/
FoamFile
{
    version     2.0;
    format      ascii;
    class       vectorField;
    location    "constant/polyMesh";
    object      points;
}
// * * * * * * * * * * * * * * * * * * * * * * * * * * * * * * * * * * * * * //


2470
(
(0 0 0)
(0.0171875 0 0)
(0.034375 0 0)
(0.0515625 0 0)
(0.06875 0 0)
(0.0859375 0 0)
(0.103125 0 0)
(0.1203125 0 0)
(0.1375 0 0)
(0.1546875 0 0)
(0.171875 0 0)
(0.1890625 0 0)
(0.20625 0 0)
(0.2234375 0 0)
(0.240625 0 0)
(0.2578125 0 0)
(0.275 0 0)
(0.2921875 0 0)
(0.309375 0 0)
(0.3265625 0 0)
(0.34375 0 0)
(0.3609375 0 0)
(0.378125 0 0)
(0.3953125 0 0)
(0.4125 0 0)
(0.4296875 0 0)
(0.446875 0 0)
(0.4640625 0 0)
(0.48125 0 0)
(0.4984375 0 0)
(0.515625 0 0)
(0.5328125 0 0)
(0.55 0 0)
(0.5671875 0 0)
(0.584375 0 0)
(0.6015625 0 0)
(0.61875 0 0)
(0.6359375 0 0)
(0.653125 0 0)
(0.6703125 0 0)
(0.6875 0 0)
(0.7046875 0 0)
(0.721875 0 0)
(0.7390625 0 0)
(0.75625 0 0)
(0.7734375 0 0)
(0.790625 0 0)
(0.8078125 0 0)
(0.825 0 0)
(0.8421875 0 0)
(0.859375 0 0)
(0.8765625 0 0)
(0.89375 0 0)
(0.9109375 0 0)
(0.928125 0 0)
(0.9453125 0 0)
(0.9625 0 0)
(0.9796875 0 0)
(0.996875 0 0)
(1.0140625 0 0)
(1.03125 0 0)
(1.0484375 0 0)
(1.065625 0 0)
(1.0828125 0 0)
(1.1 0 0)
(0 0.005 0)
(0.0171875 0.005 0)
(0.034375 0.005 0)
(0.0515625 0.005 0)
(0.06875 0.005 0)
(0.0859375 0.005 0)
(0.103125 0.005 0)
(0.1203125 0.005 0)
(0.1375 0.005 0)
(0.1546875 0.005 0)
(0.171875 0.005 0)
(0.1890625 0.005 0)
(0.20625 0.005 0)
(0.2234375 0.005 0)
(0.240625 0.005 0)
(0.2578125 0.005 0)
(0.275 0.005 0)
(0.2921875 0.005 0)
(0.309375 0.005 0)
(0.3265625 0.005 0)
(0.34375 0.005 0)
(0.3609375 0.005 0)
(0.378125 0.005 0)
(0.3953125 0.005 0)
(0.4125 0.005 0)
(0.4296875 0.005 0)
(0.446875 0.005 0)
(0.4640625 0.005 0)
(0.48125 0.005 0)
(0.4984375 0.005 0)
(0.515625 0.005 0)
(0.5328125 0.005 0)
(0.55 0.005 0)
(0.5671875 0.005 0)
(0.584375 0.005 0)
(0.6015625 0.005 0)
(0.61875 0.005 0)
(0.6359375 0.005 0)
(0.653125 0.005 0)
(0.6703125 0.005 0)
(0.6875 0.005 0)
(0.7046875 0.005 0)
(0.721875 0.005 0)
(0.7390625 0.005 0)
(0.75625 0.005 0)
(0.7734375 0.005 0)
(0.790625 0.005 0)
(0.8078125 0.005 0)
(0.825 0.005 0)
(0.8421875 0.005 0)
(0.859375 0.005 0)
(0.8765625 0.005 0)
(0.89375 0.005 0)
(0.9109375 0.005 0)
(0.928125 0.005 0)
(0.9453125 0.005 0)
(0.9625 0.005 0)
(0.9796875 0.005 0)
(0.996875 0.005 0)
(1.0140625 0.005 0)
(1.03125 0.005 0)
(1.0484375 0.005 0)
(1.065625 0.005 0)
(1.0828125 0.005 0)
(1.1 0.005 0)
(0 0.01 0)
(0.0171875 0.01 0)
(0.034375 0.01 0)
(0.0515625 0.01 0)
(0.06875 0.01 0)
(0.0859375 0.01 0)
(0.103125 0.01 0)
(0.1203125 0.01 0)
(0.1375 0.01 0)
(0.1546875 0.01 0)
(0.171875 0.01 0)
(0.1890625 0.01 0)
(0.20625 0.01 0)
(0.2234375 0.01 0)
(0.240625 0.01 0)
(0.2578125 0.01 0)
(0.275 0.01 0)
(0.2921875 0.01 0)
(0.309375 0.01 0)
(0.3265625 0.01 0)
(0.34375 0.01 0)
(0.3609375 0.01 0)
(0.378125 0.01 0)
(0.3953125 0.01 0)
(0.4125 0.01 0)
(0.4296875 0.01 0)
(0.446875 0.01 0)
(0.4640625 0.01 0)
(0.48125 0.01 0)
(0.4984375 0.01 0)
(0.515625 0.01 0)
(0.5328125 0.01 0)
(0.55 0.01 0)
(0.5671875 0.01 0)
(0.584375 0.01 0)
(0.6015625 0.01 0)
(0.61875 0.01 0)
(0.6359375 0.01 0)
(0.653125 0.01 0)
(0.6703125 0.01 0)
(0.6875 0.01 0)
(0.7046875 0.01 0)
(0.721875 0.01 0)
(0.7390625 0.01 0)
(0.75625 0.01 0)
(0.7734375 0.01 0)
(0.790625 0.01 0)
(0.8078125 0.01 0)
(0.825 0.01 0)
(0.8421875 0.01 0)
(0.859375 0.01 0)
(0.8765625 0.01 0)
(0.89375 0.01 0)
(0.9109375 0.01 0)
(0.928125 0.01 0)
(0.9453125 0.01 0)
(0.9625 0.01 0)
(0.9796875 0.01 0)
(0.996875 0.01 0)
(1.0140625 0.01 0)
(1.03125 0.01 0)
(1.0484375 0.01 0)
(1.065625 0.01 0)
(1.0828125 0.01 0)
(1.1 0.01 0)
(0 0.015 0)
(0.0171875 0.015 0)
(0.034375 0.015 0)
(0.0515625 0.015 0)
(0.06875 0.015 0)
(0.0859375 0.015 0)
(0.103125 0.015 0)
(0.1203125 0.015 0)
(0.1375 0.015 0)
(0.1546875 0.015 0)
(0.171875 0.015 0)
(0.1890625 0.015 0)
(0.20625 0.015 0)
(0.2234375 0.015 0)
(0.240625 0.015 0)
(0.2578125 0.015 0)
(0.275 0.015 0)
(0.2921875 0.015 0)
(0.309375 0.015 0)
(0.3265625 0.015 0)
(0.34375 0.015 0)
(0.3609375 0.015 0)
(0.378125 0.015 0)
(0.3953125 0.015 0)
(0.4125 0.015 0)
(0.4296875 0.015 0)
(0.446875 0.015 0)
(0.4640625 0.015 0)
(0.48125 0.015 0)
(0.4984375 0.015 0)
(0.515625 0.015 0)
(0.5328125 0.015 0)
(0.55 0.015 0)
(0.5671875 0.015 0)
(0.584375 0.015 0)
(0.6015625 0.015 0)
(0.61875 0.015 0)
(0.6359375 0.015 0)
(0.653125 0.015 0)
(0.6703125 0.015 0)
(0.6875 0.015 0)
(0.7046875 0.015 0)
(0.721875 0.015 0)
(0.7390625 0.015 0)
(0.75625 0.015 0)
(0.7734375 0.015 0)
(0.790625 0.015 0)
(0.8078125 0.015 0)
(0.825 0.015 0)
(0.8421875 0.015 0)
(0.859375 0.015 0)
(0.8765625 0.015 0)
(0.89375 0.015 0)
(0.9109375 0.015 0)
(0.928125 0.015 0)
(0.9453125 0.015 0)
(0.9625 0.015 0)
(0.9796875 0.015 0)
(0.996875 0.015 0)
(1.0140625 0.015 0)
(1.03125 0.015 0)
(1.0484375 0.015 0)
(1.065625 0.015 0)
(1.0828125 0.015 0)
(1.1 0.015 0)
(0 0.02 0)
(0.0171875 0.02 0)
(0.034375 0.02 0)
(0.0515625 0.02 0)
(0.06875 0.02 0)
(0.0859375 0.02 0)
(0.103125 0.02 0)
(0.1203125 0.02 0)
(0.1375 0.02 0)
(0.1546875 0.02 0)
(0.171875 0.02 0)
(0.1890625 0.02 0)
(0.20625 0.02 0)
(0.2234375 0.02 0)
(0.240625 0.02 0)
(0.2578125 0.02 0)
(0.275 0.02 0)
(0.2921875 0.02 0)
(0.309375 0.02 0)
(0.3265625 0.02 0)
(0.34375 0.02 0)
(0.3609375 0.02 0)
(0.378125 0.02 0)
(0.3953125 0.02 0)
(0.4125 0.02 0)
(0.4296875 0.02 0)
(0.446875 0.02 0)
(0.4640625 0.02 0)
(0.48125 0.02 0)
(0.4984375 0.02 0)
(0.515625 0.02 0)
(0.5328125 0.02 0)
(0.55 0.02 0)
(0.5671875 0.02 0)
(0.584375 0.02 0)
(0.6015625 0.02 0)
(0.61875 0.02 0)
(0.6359375 0.02 0)
(0.653125 0.02 0)
(0.6703125 0.02 0)
(0.6875 0.02 0)
(0.7046875 0.02 0)
(0.721875 0.02 0)
(0.7390625 0.02 0)
(0.75625 0.02 0)
(0.7734375 0.02 0)
(0.790625 0.02 0)
(0.8078125 0.02 0)
(0.825 0.02 0)
(0.8421875 0.02 0)
(0.859375 0.02 0)
(0.8765625 0.02 0)
(0.89375 0.02 0)
(0.9109375 0.02 0)
(0.928125 0.02 0)
(0.9453125 0.02 0)
(0.9625 0.02 0)
(0.9796875 0.02 0)
(0.996875 0.02 0)
(1.0140625 0.02 0)
(1.03125 0.02 0)
(1.0484375 0.02 0)
(1.065625 0.02 0)
(1.0828125 0.02 0)
(1.1 0.02 0)
(0 0.025 0)
(0.0171875 0.025 0)
(0.034375 0.025 0)
(0.0515625 0.025 0)
(0.06875 0.025 0)
(0.0859375 0.025 0)
(0.103125 0.025 0)
(0.1203125 0.025 0)
(0.1375 0.025 0)
(0.1546875 0.025 0)
(0.171875 0.025 0)
(0.1890625 0.025 0)
(0.20625 0.025 0)
(0.2234375 0.025 0)
(0.240625 0.025 0)
(0.2578125 0.025 0)
(0.275 0.025 0)
(0.2921875 0.025 0)
(0.309375 0.025 0)
(0.3265625 0.025 0)
(0.34375 0.025 0)
(0.3609375 0.025 0)
(0.378125 0.025 0)
(0.3953125 0.025 0)
(0.4125 0.025 0)
(0.4296875 0.025 0)
(0.446875 0.025 0)
(0.4640625 0.025 0)
(0.48125 0.025 0)
(0.4984375 0.025 0)
(0.515625 0.025 0)
(0.5328125 0.025 0)
(0.55 0.025 0)
(0.5671875 0.025 0)
(0.584375 0.025 0)
(0.6015625 0.025 0)
(0.61875 0.025 0)
(0.6359375 0.025 0)
(0.653125 0.025 0)
(0.6703125 0.025 0)
(0.6875 0.025 0)
(0.7046875 0.025 0)
(0.721875 0.025 0)
(0.7390625 0.025 0)
(0.75625 0.025 0)
(0.7734375 0.025 0)
(0.790625 0.025 0)
(0.8078125 0.025 0)
(0.825 0.025 0)
(0.8421875 0.025 0)
(0.859375 0.025 0)
(0.8765625 0.025 0)
(0.89375 0.025 0)
(0.9109375 0.025 0)
(0.928125 0.025 0)
(0.9453125 0.025 0)
(0.9625 0.025 0)
(0.9796875 0.025 0)
(0.996875 0.025 0)
(1.0140625 0.025 0)
(1.03125 0.025 0)
(1.0484375 0.025 0)
(1.065625 0.025 0)
(1.0828125 0.025 0)
(1.1 0.025 0)
(0 0.03 0)
(0.0171875 0.03 0)
(0.034375 0.03 0)
(0.0515625 0.03 0)
(0.06875 0.03 0)
(0.0859375 0.03 0)
(0.103125 0.03 0)
(0.1203125 0.03 0)
(0.1375 0.03 0)
(0.1546875 0.03 0)
(0.171875 0.03 0)
(0.1890625 0.03 0)
(0.20625 0.03 0)
(0.2234375 0.03 0)
(0.240625 0.03 0)
(0.2578125 0.03 0)
(0.275 0.03 0)
(0.2921875 0.03 0)
(0.309375 0.03 0)
(0.3265625 0.03 0)
(0.34375 0.03 0)
(0.3609375 0.03 0)
(0.378125 0.03 0)
(0.3953125 0.03 0)
(0.4125 0.03 0)
(0.4296875 0.03 0)
(0.446875 0.03 0)
(0.4640625 0.03 0)
(0.48125 0.03 0)
(0.4984375 0.03 0)
(0.515625 0.03 0)
(0.5328125 0.03 0)
(0.55 0.03 0)
(0.5671875 0.03 0)
(0.584375 0.03 0)
(0.6015625 0.03 0)
(0.61875 0.03 0)
(0.6359375 0.03 0)
(0.653125 0.03 0)
(0.6703125 0.03 0)
(0.6875 0.03 0)
(0.7046875 0.03 0)
(0.721875 0.03 0)
(0.7390625 0.03 0)
(0.75625 0.03 0)
(0.7734375 0.03 0)
(0.790625 0.03 0)
(0.8078125 0.03 0)
(0.825 0.03 0)
(0.8421875 0.03 0)
(0.859375 0.03 0)
(0.8765625 0.03 0)
(0.89375 0.03 0)
(0.9109375 0.03 0)
(0.928125 0.03 0)
(0.9453125 0.03 0)
(0.9625 0.03 0)
(0.9796875 0.03 0)
(0.996875 0.03 0)
(1.0140625 0.03 0)
(1.03125 0.03 0)
(1.0484375 0.03 0)
(1.065625 0.03 0)
(1.0828125 0.03 0)
(1.1 0.03 0)
(0 0.035 0)
(0.0171875 0.035 0)
(0.034375 0.035 0)
(0.0515625 0.035 0)
(0.06875 0.035 0)
(0.0859375 0.035 0)
(0.103125 0.035 0)
(0.1203125 0.035 0)
(0.1375 0.035 0)
(0.1546875 0.035 0)
(0.171875 0.035 0)
(0.1890625 0.035 0)
(0.20625 0.035 0)
(0.2234375 0.035 0)
(0.240625 0.035 0)
(0.2578125 0.035 0)
(0.275 0.035 0)
(0.2921875 0.035 0)
(0.309375 0.035 0)
(0.3265625 0.035 0)
(0.34375 0.035 0)
(0.3609375 0.035 0)
(0.378125 0.035 0)
(0.3953125 0.035 0)
(0.4125 0.035 0)
(0.4296875 0.035 0)
(0.446875 0.035 0)
(0.4640625 0.035 0)
(0.48125 0.035 0)
(0.4984375 0.035 0)
(0.515625 0.035 0)
(0.5328125 0.035 0)
(0.55 0.035 0)
(0.5671875 0.035 0)
(0.584375 0.035 0)
(0.6015625 0.035 0)
(0.61875 0.035 0)
(0.6359375 0.035 0)
(0.653125 0.035 0)
(0.6703125 0.035 0)
(0.6875 0.035 0)
(0.7046875 0.035 0)
(0.721875 0.035 0)
(0.7390625 0.035 0)
(0.75625 0.035 0)
(0.7734375 0.035 0)
(0.790625 0.035 0)
(0.8078125 0.035 0)
(0.825 0.035 0)
(0.8421875 0.035 0)
(0.859375 0.035 0)
(0.8765625 0.035 0)
(0.89375 0.035 0)
(0.9109375 0.035 0)
(0.928125 0.035 0)
(0.9453125 0.035 0)
(0.9625 0.035 0)
(0.9796875 0.035 0)
(0.996875 0.035 0)
(1.0140625 0.035 0)
(1.03125 0.035 0)
(1.0484375 0.035 0)
(1.065625 0.035 0)
(1.0828125 0.035 0)
(1.1 0.035 0)
(0 0.04 0)
(0.0171875 0.04 0)
(0.034375 0.04 0)
(0.0515625 0.04 0)
(0.06875 0.04 0)
(0.0859375 0.04 0)
(0.103125 0.04 0)
(0.1203125 0.04 0)
(0.1375 0.04 0)
(0.1546875 0.04 0)
(0.171875 0.04 0)
(0.1890625 0.04 0)
(0.20625 0.04 0)
(0.2234375 0.04 0)
(0.240625 0.04 0)
(0.2578125 0.04 0)
(0.275 0.04 0)
(0.2921875 0.04 0)
(0.309375 0.04 0)
(0.3265625 0.04 0)
(0.34375 0.04 0)
(0.3609375 0.04 0)
(0.378125 0.04 0)
(0.3953125 0.04 0)
(0.4125 0.04 0)
(0.4296875 0.04 0)
(0.446875 0.04 0)
(0.4640625 0.04 0)
(0.48125 0.04 0)
(0.4984375 0.04 0)
(0.515625 0.04 0)
(0.5328125 0.04 0)
(0.55 0.04 0)
(0.5671875 0.04 0)
(0.584375 0.04 0)
(0.6015625 0.04 0)
(0.61875 0.04 0)
(0.6359375 0.04 0)
(0.653125 0.04 0)
(0.6703125 0.04 0)
(0.6875 0.04 0)
(0.7046875 0.04 0)
(0.721875 0.04 0)
(0.7390625 0.04 0)
(0.75625 0.04 0)
(0.7734375 0.04 0)
(0.790625 0.04 0)
(0.8078125 0.04 0)
(0.825 0.04 0)
(0.8421875 0.04 0)
(0.859375 0.04 0)
(0.8765625 0.04 0)
(0.89375 0.04 0)
(0.9109375 0.04 0)
(0.928125 0.04 0)
(0.9453125 0.04 0)
(0.9625 0.04 0)
(0.9796875 0.04 0)
(0.996875 0.04 0)
(1.0140625 0.04 0)
(1.03125 0.04 0)
(1.0484375 0.04 0)
(1.065625 0.04 0)
(1.0828125 0.04 0)
(1.1 0.04 0)
(0 0.045 0)
(0.0171875 0.045 0)
(0.034375 0.045 0)
(0.0515625 0.045 0)
(0.06875 0.045 0)
(0.0859375 0.045 0)
(0.103125 0.045 0)
(0.1203125 0.045 0)
(0.1375 0.045 0)
(0.1546875 0.045 0)
(0.171875 0.045 0)
(0.1890625 0.045 0)
(0.20625 0.045 0)
(0.2234375 0.045 0)
(0.240625 0.045 0)
(0.2578125 0.045 0)
(0.275 0.045 0)
(0.2921875 0.045 0)
(0.309375 0.045 0)
(0.3265625 0.045 0)
(0.34375 0.045 0)
(0.3609375 0.045 0)
(0.378125 0.045 0)
(0.3953125 0.045 0)
(0.4125 0.045 0)
(0.4296875 0.045 0)
(0.446875 0.045 0)
(0.4640625 0.045 0)
(0.48125 0.045 0)
(0.4984375 0.045 0)
(0.515625 0.045 0)
(0.5328125 0.045 0)
(0.55 0.045 0)
(0.5671875 0.045 0)
(0.584375 0.045 0)
(0.6015625 0.045 0)
(0.61875 0.045 0)
(0.6359375 0.045 0)
(0.653125 0.045 0)
(0.6703125 0.045 0)
(0.6875 0.045 0)
(0.7046875 0.045 0)
(0.721875 0.045 0)
(0.7390625 0.045 0)
(0.75625 0.045 0)
(0.7734375 0.045 0)
(0.790625 0.045 0)
(0.8078125 0.045 0)
(0.825 0.045 0)
(0.8421875 0.045 0)
(0.859375 0.045 0)
(0.8765625 0.045 0)
(0.89375 0.045 0)
(0.9109375 0.045 0)
(0.928125 0.045 0)
(0.9453125 0.045 0)
(0.9625 0.045 0)
(0.9796875 0.045 0)
(0.996875 0.045 0)
(1.0140625 0.045 0)
(1.03125 0.045 0)
(1.0484375 0.045 0)
(1.065625 0.045 0)
(1.0828125 0.045 0)
(1.1 0.045 0)
(0 0.05 0)
(0.0171875 0.05 0)
(0.034375 0.05 0)
(0.0515625 0.05 0)
(0.06875 0.05 0)
(0.0859375 0.05 0)
(0.103125 0.05 0)
(0.1203125 0.05 0)
(0.1375 0.05 0)
(0.1546875 0.05 0)
(0.171875 0.05 0)
(0.1890625 0.05 0)
(0.20625 0.05 0)
(0.2234375 0.05 0)
(0.240625 0.05 0)
(0.2578125 0.05 0)
(0.275 0.05 0)
(0.2921875 0.05 0)
(0.309375 0.05 0)
(0.3265625 0.05 0)
(0.34375 0.05 0)
(0.3609375 0.05 0)
(0.378125 0.05 0)
(0.3953125 0.05 0)
(0.4125 0.05 0)
(0.4296875 0.05 0)
(0.446875 0.05 0)
(0.4640625 0.05 0)
(0.48125 0.05 0)
(0.4984375 0.05 0)
(0.515625 0.05 0)
(0.5328125 0.05 0)
(0.55 0.05 0)
(0.5671875 0.05 0)
(0.584375 0.05 0)
(0.6015625 0.05 0)
(0.61875 0.05 0)
(0.6359375 0.05 0)
(0.653125 0.05 0)
(0.6703125 0.05 0)
(0.6875 0.05 0)
(0.7046875 0.05 0)
(0.721875 0.05 0)
(0.7390625 0.05 0)
(0.75625 0.05 0)
(0.7734375 0.05 0)
(0.790625 0.05 0)
(0.8078125 0.05 0)
(0.825 0.05 0)
(0.8421875 0.05 0)
(0.859375 0.05 0)
(0.8765625 0.05 0)
(0.89375 0.05 0)
(0.9109375 0.05 0)
(0.928125 0.05 0)
(0.9453125 0.05 0)
(0.9625 0.05 0)
(0.9796875 0.05 0)
(0.996875 0.05 0)
(1.0140625 0.05 0)
(1.03125 0.05 0)
(1.0484375 0.05 0)
(1.065625 0.05 0)
(1.0828125 0.05 0)
(1.1 0.05 0)
(0 0.055 0)
(0.0171875 0.055 0)
(0.034375 0.055 0)
(0.0515625 0.055 0)
(0.06875 0.055 0)
(0.0859375 0.055 0)
(0.103125 0.055 0)
(0.1203125 0.055 0)
(0.1375 0.055 0)
(0.1546875 0.055 0)
(0.171875 0.055 0)
(0.1890625 0.055 0)
(0.20625 0.055 0)
(0.2234375 0.055 0)
(0.240625 0.055 0)
(0.2578125 0.055 0)
(0.275 0.055 0)
(0.2921875 0.055 0)
(0.309375 0.055 0)
(0.3265625 0.055 0)
(0.34375 0.055 0)
(0.3609375 0.055 0)
(0.378125 0.055 0)
(0.3953125 0.055 0)
(0.4125 0.055 0)
(0.4296875 0.055 0)
(0.446875 0.055 0)
(0.4640625 0.055 0)
(0.48125 0.055 0)
(0.4984375 0.055 0)
(0.515625 0.055 0)
(0.5328125 0.055 0)
(0.55 0.055 0)
(0.5671875 0.055 0)
(0.584375 0.055 0)
(0.6015625 0.055 0)
(0.61875 0.055 0)
(0.6359375 0.055 0)
(0.653125 0.055 0)
(0.6703125 0.055 0)
(0.6875 0.055 0)
(0.7046875 0.055 0)
(0.721875 0.055 0)
(0.7390625 0.055 0)
(0.75625 0.055 0)
(0.7734375 0.055 0)
(0.790625 0.055 0)
(0.8078125 0.055 0)
(0.825 0.055 0)
(0.8421875 0.055 0)
(0.859375 0.055 0)
(0.8765625 0.055 0)
(0.89375 0.055 0)
(0.9109375 0.055 0)
(0.928125 0.055 0)
(0.9453125 0.055 0)
(0.9625 0.055 0)
(0.9796875 0.055 0)
(0.996875 0.055 0)
(1.0140625 0.055 0)
(1.03125 0.055 0)
(1.0484375 0.055 0)
(1.065625 0.055 0)
(1.0828125 0.055 0)
(1.1 0.055 0)
(0 0.06 0)
(0.0171875 0.06 0)
(0.034375 0.06 0)
(0.0515625 0.06 0)
(0.06875 0.06 0)
(0.0859375 0.06 0)
(0.103125 0.06 0)
(0.1203125 0.06 0)
(0.1375 0.06 0)
(0.1546875 0.06 0)
(0.171875 0.06 0)
(0.1890625 0.06 0)
(0.20625 0.06 0)
(0.2234375 0.06 0)
(0.240625 0.06 0)
(0.2578125 0.06 0)
(0.275 0.06 0)
(0.2921875 0.06 0)
(0.309375 0.06 0)
(0.3265625 0.06 0)
(0.34375 0.06 0)
(0.3609375 0.06 0)
(0.378125 0.06 0)
(0.3953125 0.06 0)
(0.4125 0.06 0)
(0.4296875 0.06 0)
(0.446875 0.06 0)
(0.4640625 0.06 0)
(0.48125 0.06 0)
(0.4984375 0.06 0)
(0.515625 0.06 0)
(0.5328125 0.06 0)
(0.55 0.06 0)
(0.5671875 0.06 0)
(0.584375 0.06 0)
(0.6015625 0.06 0)
(0.61875 0.06 0)
(0.6359375 0.06 0)
(0.653125 0.06 0)
(0.6703125 0.06 0)
(0.6875 0.06 0)
(0.7046875 0.06 0)
(0.721875 0.06 0)
(0.7390625 0.06 0)
(0.75625 0.06 0)
(0.7734375 0.06 0)
(0.790625 0.06 0)
(0.8078125 0.06 0)
(0.825 0.06 0)
(0.8421875 0.06 0)
(0.859375 0.06 0)
(0.8765625 0.06 0)
(0.89375 0.06 0)
(0.9109375 0.06 0)
(0.928125 0.06 0)
(0.9453125 0.06 0)
(0.9625 0.06 0)
(0.9796875 0.06 0)
(0.996875 0.06 0)
(1.0140625 0.06 0)
(1.03125 0.06 0)
(1.0484375 0.06 0)
(1.065625 0.06 0)
(1.0828125 0.06 0)
(1.1 0.06 0)
(0 0.065 0)
(0.0171875 0.065 0)
(0.034375 0.065 0)
(0.0515625 0.065 0)
(0.06875 0.065 0)
(0.0859375 0.065 0)
(0.103125 0.065 0)
(0.1203125 0.065 0)
(0.1375 0.065 0)
(0.1546875 0.065 0)
(0.171875 0.065 0)
(0.1890625 0.065 0)
(0.20625 0.065 0)
(0.2234375 0.065 0)
(0.240625 0.065 0)
(0.2578125 0.065 0)
(0.275 0.065 0)
(0.2921875 0.065 0)
(0.309375 0.065 0)
(0.3265625 0.065 0)
(0.34375 0.065 0)
(0.3609375 0.065 0)
(0.378125 0.065 0)
(0.3953125 0.065 0)
(0.4125 0.065 0)
(0.4296875 0.065 0)
(0.446875 0.065 0)
(0.4640625 0.065 0)
(0.48125 0.065 0)
(0.4984375 0.065 0)
(0.515625 0.065 0)
(0.5328125 0.065 0)
(0.55 0.065 0)
(0.5671875 0.065 0)
(0.584375 0.065 0)
(0.6015625 0.065 0)
(0.61875 0.065 0)
(0.6359375 0.065 0)
(0.653125 0.065 0)
(0.6703125 0.065 0)
(0.6875 0.065 0)
(0.7046875 0.065 0)
(0.721875 0.065 0)
(0.7390625 0.065 0)
(0.75625 0.065 0)
(0.7734375 0.065 0)
(0.790625 0.065 0)
(0.8078125 0.065 0)
(0.825 0.065 0)
(0.8421875 0.065 0)
(0.859375 0.065 0)
(0.8765625 0.065 0)
(0.89375 0.065 0)
(0.9109375 0.065 0)
(0.928125 0.065 0)
(0.9453125 0.065 0)
(0.9625 0.065 0)
(0.9796875 0.065 0)
(0.996875 0.065 0)
(1.0140625 0.065 0)
(1.03125 0.065 0)
(1.0484375 0.065 0)
(1.065625 0.065 0)
(1.0828125 0.065 0)
(1.1 0.065 0)
(0 0.07 0)
(0.0171875 0.07 0)
(0.034375 0.07 0)
(0.0515625 0.07 0)
(0.06875 0.07 0)
(0.0859375 0.07 0)
(0.103125 0.07 0)
(0.1203125 0.07 0)
(0.1375 0.07 0)
(0.1546875 0.07 0)
(0.171875 0.07 0)
(0.1890625 0.07 0)
(0.20625 0.07 0)
(0.2234375 0.07 0)
(0.240625 0.07 0)
(0.2578125 0.07 0)
(0.275 0.07 0)
(0.2921875 0.07 0)
(0.309375 0.07 0)
(0.3265625 0.07 0)
(0.34375 0.07 0)
(0.3609375 0.07 0)
(0.378125 0.07 0)
(0.3953125 0.07 0)
(0.4125 0.07 0)
(0.4296875 0.07 0)
(0.446875 0.07 0)
(0.4640625 0.07 0)
(0.48125 0.07 0)
(0.4984375 0.07 0)
(0.515625 0.07 0)
(0.5328125 0.07 0)
(0.55 0.07 0)
(0.5671875 0.07 0)
(0.584375 0.07 0)
(0.6015625 0.07 0)
(0.61875 0.07 0)
(0.6359375 0.07 0)
(0.653125 0.07 0)
(0.6703125 0.07 0)
(0.6875 0.07 0)
(0.7046875 0.07 0)
(0.721875 0.07 0)
(0.7390625 0.07 0)
(0.75625 0.07 0)
(0.7734375 0.07 0)
(0.790625 0.07 0)
(0.8078125 0.07 0)
(0.825 0.07 0)
(0.8421875 0.07 0)
(0.859375 0.07 0)
(0.8765625 0.07 0)
(0.89375 0.07 0)
(0.9109375 0.07 0)
(0.928125 0.07 0)
(0.9453125 0.07 0)
(0.9625 0.07 0)
(0.9796875 0.07 0)
(0.996875 0.07 0)
(1.0140625 0.07 0)
(1.03125 0.07 0)
(1.0484375 0.07 0)
(1.065625 0.07 0)
(1.0828125 0.07 0)
(1.1 0.07 0)
(0 0.075 0)
(0.0171875 0.075 0)
(0.034375 0.075 0)
(0.0515625 0.075 0)
(0.06875 0.075 0)
(0.0859375 0.075 0)
(0.103125 0.075 0)
(0.1203125 0.075 0)
(0.1375 0.075 0)
(0.1546875 0.075 0)
(0.171875 0.075 0)
(0.1890625 0.075 0)
(0.20625 0.075 0)
(0.2234375 0.075 0)
(0.240625 0.075 0)
(0.2578125 0.075 0)
(0.275 0.075 0)
(0.2921875 0.075 0)
(0.309375 0.075 0)
(0.3265625 0.075 0)
(0.34375 0.075 0)
(0.3609375 0.075 0)
(0.378125 0.075 0)
(0.3953125 0.075 0)
(0.4125 0.075 0)
(0.4296875 0.075 0)
(0.446875 0.075 0)
(0.4640625 0.075 0)
(0.48125 0.075 0)
(0.4984375 0.075 0)
(0.515625 0.075 0)
(0.5328125 0.075 0)
(0.55 0.075 0)
(0.5671875 0.075 0)
(0.584375 0.075 0)
(0.6015625 0.075 0)
(0.61875 0.075 0)
(0.6359375 0.075 0)
(0.653125 0.075 0)
(0.6703125 0.075 0)
(0.6875 0.075 0)
(0.7046875 0.075 0)
(0.721875 0.075 0)
(0.7390625 0.075 0)
(0.75625 0.075 0)
(0.7734375 0.075 0)
(0.790625 0.075 0)
(0.8078125 0.075 0)
(0.825 0.075 0)
(0.8421875 0.075 0)
(0.859375 0.075 0)
(0.8765625 0.075 0)
(0.89375 0.075 0)
(0.9109375 0.075 0)
(0.928125 0.075 0)
(0.9453125 0.075 0)
(0.9625 0.075 0)
(0.9796875 0.075 0)
(0.996875 0.075 0)
(1.0140625 0.075 0)
(1.03125 0.075 0)
(1.0484375 0.075 0)
(1.065625 0.075 0)
(1.0828125 0.075 0)
(1.1 0.075 0)
(0 0.08 0)
(0.0171875 0.08 0)
(0.034375 0.08 0)
(0.0515625 0.08 0)
(0.06875 0.08 0)
(0.0859375 0.08 0)
(0.103125 0.08 0)
(0.1203125 0.08 0)
(0.1375 0.08 0)
(0.1546875 0.08 0)
(0.171875 0.08 0)
(0.1890625 0.08 0)
(0.20625 0.08 0)
(0.2234375 0.08 0)
(0.240625 0.08 0)
(0.2578125 0.08 0)
(0.275 0.08 0)
(0.2921875 0.08 0)
(0.309375 0.08 0)
(0.3265625 0.08 0)
(0.34375 0.08 0)
(0.3609375 0.08 0)
(0.378125 0.08 0)
(0.3953125 0.08 0)
(0.4125 0.08 0)
(0.4296875 0.08 0)
(0.446875 0.08 0)
(0.4640625 0.08 0)
(0.48125 0.08 0)
(0.4984375 0.08 0)
(0.515625 0.08 0)
(0.5328125 0.08 0)
(0.55 0.08 0)
(0.5671875 0.08 0)
(0.584375 0.08 0)
(0.6015625 0.08 0)
(0.61875 0.08 0)
(0.6359375 0.08 0)
(0.653125 0.08 0)
(0.6703125 0.08 0)
(0.6875 0.08 0)
(0.7046875 0.08 0)
(0.721875 0.08 0)
(0.7390625 0.08 0)
(0.75625 0.08 0)
(0.7734375 0.08 0)
(0.790625 0.08 0)
(0.8078125 0.08 0)
(0.825 0.08 0)
(0.8421875 0.08 0)
(0.859375 0.08 0)
(0.8765625 0.08 0)
(0.89375 0.08 0)
(0.9109375 0.08 0)
(0.928125 0.08 0)
(0.9453125 0.08 0)
(0.9625 0.08 0)
(0.9796875 0.08 0)
(0.996875 0.08 0)
(1.0140625 0.08 0)
(1.03125 0.08 0)
(1.0484375 0.08 0)
(1.065625 0.08 0)
(1.0828125 0.08 0)
(1.1 0.08 0)
(0 0.085 0)
(0.0171875 0.085 0)
(0.034375 0.085 0)
(0.0515625 0.085 0)
(0.06875 0.085 0)
(0.0859375 0.085 0)
(0.103125 0.085 0)
(0.1203125 0.085 0)
(0.1375 0.085 0)
(0.1546875 0.085 0)
(0.171875 0.085 0)
(0.1890625 0.085 0)
(0.20625 0.085 0)
(0.2234375 0.085 0)
(0.240625 0.085 0)
(0.2578125 0.085 0)
(0.275 0.085 0)
(0.2921875 0.085 0)
(0.309375 0.085 0)
(0.3265625 0.085 0)
(0.34375 0.085 0)
(0.3609375 0.085 0)
(0.378125 0.085 0)
(0.3953125 0.085 0)
(0.4125 0.085 0)
(0.4296875 0.085 0)
(0.446875 0.085 0)
(0.4640625 0.085 0)
(0.48125 0.085 0)
(0.4984375 0.085 0)
(0.515625 0.085 0)
(0.5328125 0.085 0)
(0.55 0.085 0)
(0.5671875 0.085 0)
(0.584375 0.085 0)
(0.6015625 0.085 0)
(0.61875 0.085 0)
(0.6359375 0.085 0)
(0.653125 0.085 0)
(0.6703125 0.085 0)
(0.6875 0.085 0)
(0.7046875 0.085 0)
(0.721875 0.085 0)
(0.7390625 0.085 0)
(0.75625 0.085 0)
(0.7734375 0.085 0)
(0.790625 0.085 0)
(0.8078125 0.085 0)
(0.825 0.085 0)
(0.8421875 0.085 0)
(0.859375 0.085 0)
(0.8765625 0.085 0)
(0.89375 0.085 0)
(0.9109375 0.085 0)
(0.928125 0.085 0)
(0.9453125 0.085 0)
(0.9625 0.085 0)
(0.9796875 0.085 0)
(0.996875 0.085 0)
(1.0140625 0.085 0)
(1.03125 0.085 0)
(1.0484375 0.085 0)
(1.065625 0.085 0)
(1.0828125 0.085 0)
(1.1 0.085 0)
(0 0.09 0)
(0.0171875 0.09 0)
(0.034375 0.09 0)
(0.0515625 0.09 0)
(0.06875 0.09 0)
(0.0859375 0.09 0)
(0.103125 0.09 0)
(0.1203125 0.09 0)
(0.1375 0.09 0)
(0.1546875 0.09 0)
(0.171875 0.09 0)
(0.1890625 0.09 0)
(0.20625 0.09 0)
(0.2234375 0.09 0)
(0.240625 0.09 0)
(0.2578125 0.09 0)
(0.275 0.09 0)
(0.2921875 0.09 0)
(0.309375 0.09 0)
(0.3265625 0.09 0)
(0.34375 0.09 0)
(0.3609375 0.09 0)
(0.378125 0.09 0)
(0.3953125 0.09 0)
(0.4125 0.09 0)
(0.4296875 0.09 0)
(0.446875 0.09 0)
(0.4640625 0.09 0)
(0.48125 0.09 0)
(0.4984375 0.09 0)
(0.515625 0.09 0)
(0.5328125 0.09 0)
(0.55 0.09 0)
(0.5671875 0.09 0)
(0.584375 0.09 0)
(0.6015625 0.09 0)
(0.61875 0.09 0)
(0.6359375 0.09 0)
(0.653125 0.09 0)
(0.6703125 0.09 0)
(0.6875 0.09 0)
(0.7046875 0.09 0)
(0.721875 0.09 0)
(0.7390625 0.09 0)
(0.75625 0.09 0)
(0.7734375 0.09 0)
(0.790625 0.09 0)
(0.8078125 0.09 0)
(0.825 0.09 0)
(0.8421875 0.09 0)
(0.859375 0.09 0)
(0.8765625 0.09 0)
(0.89375 0.09 0)
(0.9109375 0.09 0)
(0.928125 0.09 0)
(0.9453125 0.09 0)
(0.9625 0.09 0)
(0.9796875 0.09 0)
(0.996875 0.09 0)
(1.0140625 0.09 0)
(1.03125 0.09 0)
(1.0484375 0.09 0)
(1.065625 0.09 0)
(1.0828125 0.09 0)
(1.1 0.09 0)
(0 0 0.011)
(0.0171875 0 0.011)
(0.034375 0 0.011)
(0.0515625 0 0.011)
(0.06875 0 0.011)
(0.0859375 0 0.011)
(0.103125 0 0.011)
(0.1203125 0 0.011)
(0.1375 0 0.011)
(0.1546875 0 0.011)
(0.171875 0 0.011)
(0.1890625 0 0.011)
(0.20625 0 0.011)
(0.2234375 0 0.011)
(0.240625 0 0.011)
(0.2578125 0 0.011)
(0.275 0 0.011)
(0.2921875 0 0.011)
(0.309375 0 0.011)
(0.3265625 0 0.011)
(0.34375 0 0.011)
(0.3609375 0 0.011)
(0.378125 0 0.011)
(0.3953125 0 0.011)
(0.4125 0 0.011)
(0.4296875 0 0.011)
(0.446875 0 0.011)
(0.4640625 0 0.011)
(0.48125 0 0.011)
(0.4984375 0 0.011)
(0.515625 0 0.011)
(0.5328125 0 0.011)
(0.55 0 0.011)
(0.5671875 0 0.011)
(0.584375 0 0.011)
(0.6015625 0 0.011)
(0.61875 0 0.011)
(0.6359375 0 0.011)
(0.653125 0 0.011)
(0.6703125 0 0.011)
(0.6875 0 0.011)
(0.7046875 0 0.011)
(0.721875 0 0.011)
(0.7390625 0 0.011)
(0.75625 0 0.011)
(0.7734375 0 0.011)
(0.790625 0 0.011)
(0.8078125 0 0.011)
(0.825 0 0.011)
(0.8421875 0 0.011)
(0.859375 0 0.011)
(0.8765625 0 0.011)
(0.89375 0 0.011)
(0.9109375 0 0.011)
(0.928125 0 0.011)
(0.9453125 0 0.011)
(0.9625 0 0.011)
(0.9796875 0 0.011)
(0.996875 0 0.011)
(1.0140625 0 0.011)
(1.03125 0 0.011)
(1.0484375 0 0.011)
(1.065625 0 0.011)
(1.0828125 0 0.011)
(1.1 0 0.011)
(0 0.005 0.011)
(0.0171875 0.005 0.011)
(0.034375 0.005 0.011)
(0.0515625 0.005 0.011)
(0.06875 0.005 0.011)
(0.0859375 0.005 0.011)
(0.103125 0.005 0.011)
(0.1203125 0.005 0.011)
(0.1375 0.005 0.011)
(0.1546875 0.005 0.011)
(0.171875 0.005 0.011)
(0.1890625 0.005 0.011)
(0.20625 0.005 0.011)
(0.2234375 0.005 0.011)
(0.240625 0.005 0.011)
(0.2578125 0.005 0.011)
(0.275 0.005 0.011)
(0.2921875 0.005 0.011)
(0.309375 0.005 0.011)
(0.3265625 0.005 0.011)
(0.34375 0.005 0.011)
(0.3609375 0.005 0.011)
(0.378125 0.005 0.011)
(0.3953125 0.005 0.011)
(0.4125 0.005 0.011)
(0.4296875 0.005 0.011)
(0.446875 0.005 0.011)
(0.4640625 0.005 0.011)
(0.48125 0.005 0.011)
(0.4984375 0.005 0.011)
(0.515625 0.005 0.011)
(0.5328125 0.005 0.011)
(0.55 0.005 0.011)
(0.5671875 0.005 0.011)
(0.584375 0.005 0.011)
(0.6015625 0.005 0.011)
(0.61875 0.005 0.011)
(0.6359375 0.005 0.011)
(0.653125 0.005 0.011)
(0.6703125 0.005 0.011)
(0.6875 0.005 0.011)
(0.7046875 0.005 0.011)
(0.721875 0.005 0.011)
(0.7390625 0.005 0.011)
(0.75625 0.005 0.011)
(0.7734375 0.005 0.011)
(0.790625 0.005 0.011)
(0.8078125 0.005 0.011)
(0.825 0.005 0.011)
(0.8421875 0.005 0.011)
(0.859375 0.005 0.011)
(0.8765625 0.005 0.011)
(0.89375 0.005 0.011)
(0.9109375 0.005 0.011)
(0.928125 0.005 0.011)
(0.9453125 0.005 0.011)
(0.9625 0.005 0.011)
(0.9796875 0.005 0.011)
(0.996875 0.005 0.011)
(1.0140625 0.005 0.011)
(1.03125 0.005 0.011)
(1.0484375 0.005 0.011)
(1.065625 0.005 0.011)
(1.0828125 0.005 0.011)
(1.1 0.005 0.011)
(0 0.01 0.011)
(0.0171875 0.01 0.011)
(0.034375 0.01 0.011)
(0.0515625 0.01 0.011)
(0.06875 0.01 0.011)
(0.0859375 0.01 0.011)
(0.103125 0.01 0.011)
(0.1203125 0.01 0.011)
(0.1375 0.01 0.011)
(0.1546875 0.01 0.011)
(0.171875 0.01 0.011)
(0.1890625 0.01 0.011)
(0.20625 0.01 0.011)
(0.2234375 0.01 0.011)
(0.240625 0.01 0.011)
(0.2578125 0.01 0.011)
(0.275 0.01 0.011)
(0.2921875 0.01 0.011)
(0.309375 0.01 0.011)
(0.3265625 0.01 0.011)
(0.34375 0.01 0.011)
(0.3609375 0.01 0.011)
(0.378125 0.01 0.011)
(0.3953125 0.01 0.011)
(0.4125 0.01 0.011)
(0.4296875 0.01 0.011)
(0.446875 0.01 0.011)
(0.4640625 0.01 0.011)
(0.48125 0.01 0.011)
(0.4984375 0.01 0.011)
(0.515625 0.01 0.011)
(0.5328125 0.01 0.011)
(0.55 0.01 0.011)
(0.5671875 0.01 0.011)
(0.584375 0.01 0.011)
(0.6015625 0.01 0.011)
(0.61875 0.01 0.011)
(0.6359375 0.01 0.011)
(0.653125 0.01 0.011)
(0.6703125 0.01 0.011)
(0.6875 0.01 0.011)
(0.7046875 0.01 0.011)
(0.721875 0.01 0.011)
(0.7390625 0.01 0.011)
(0.75625 0.01 0.011)
(0.7734375 0.01 0.011)
(0.790625 0.01 0.011)
(0.8078125 0.01 0.011)
(0.825 0.01 0.011)
(0.8421875 0.01 0.011)
(0.859375 0.01 0.011)
(0.8765625 0.01 0.011)
(0.89375 0.01 0.011)
(0.9109375 0.01 0.011)
(0.928125 0.01 0.011)
(0.9453125 0.01 0.011)
(0.9625 0.01 0.011)
(0.9796875 0.01 0.011)
(0.996875 0.01 0.011)
(1.0140625 0.01 0.011)
(1.03125 0.01 0.011)
(1.0484375 0.01 0.011)
(1.065625 0.01 0.011)
(1.0828125 0.01 0.011)
(1.1 0.01 0.011)
(0 0.015 0.011)
(0.0171875 0.015 0.011)
(0.034375 0.015 0.011)
(0.0515625 0.015 0.011)
(0.06875 0.015 0.011)
(0.0859375 0.015 0.011)
(0.103125 0.015 0.011)
(0.1203125 0.015 0.011)
(0.1375 0.015 0.011)
(0.1546875 0.015 0.011)
(0.171875 0.015 0.011)
(0.1890625 0.015 0.011)
(0.20625 0.015 0.011)
(0.2234375 0.015 0.011)
(0.240625 0.015 0.011)
(0.2578125 0.015 0.011)
(0.275 0.015 0.011)
(0.2921875 0.015 0.011)
(0.309375 0.015 0.011)
(0.3265625 0.015 0.011)
(0.34375 0.015 0.011)
(0.3609375 0.015 0.011)
(0.378125 0.015 0.011)
(0.3953125 0.015 0.011)
(0.4125 0.015 0.011)
(0.4296875 0.015 0.011)
(0.446875 0.015 0.011)
(0.4640625 0.015 0.011)
(0.48125 0.015 0.011)
(0.4984375 0.015 0.011)
(0.515625 0.015 0.011)
(0.5328125 0.015 0.011)
(0.55 0.015 0.011)
(0.5671875 0.015 0.011)
(0.584375 0.015 0.011)
(0.6015625 0.015 0.011)
(0.61875 0.015 0.011)
(0.6359375 0.015 0.011)
(0.653125 0.015 0.011)
(0.6703125 0.015 0.011)
(0.6875 0.015 0.011)
(0.7046875 0.015 0.011)
(0.721875 0.015 0.011)
(0.7390625 0.015 0.011)
(0.75625 0.015 0.011)
(0.7734375 0.015 0.011)
(0.790625 0.015 0.011)
(0.8078125 0.015 0.011)
(0.825 0.015 0.011)
(0.8421875 0.015 0.011)
(0.859375 0.015 0.011)
(0.8765625 0.015 0.011)
(0.89375 0.015 0.011)
(0.9109375 0.015 0.011)
(0.928125 0.015 0.011)
(0.9453125 0.015 0.011)
(0.9625 0.015 0.011)
(0.9796875 0.015 0.011)
(0.996875 0.015 0.011)
(1.0140625 0.015 0.011)
(1.03125 0.015 0.011)
(1.0484375 0.015 0.011)
(1.065625 0.015 0.011)
(1.0828125 0.015 0.011)
(1.1 0.015 0.011)
(0 0.02 0.011)
(0.0171875 0.02 0.011)
(0.034375 0.02 0.011)
(0.0515625 0.02 0.011)
(0.06875 0.02 0.011)
(0.0859375 0.02 0.011)
(0.103125 0.02 0.011)
(0.1203125 0.02 0.011)
(0.1375 0.02 0.011)
(0.1546875 0.02 0.011)
(0.171875 0.02 0.011)
(0.1890625 0.02 0.011)
(0.20625 0.02 0.011)
(0.2234375 0.02 0.011)
(0.240625 0.02 0.011)
(0.2578125 0.02 0.011)
(0.275 0.02 0.011)
(0.2921875 0.02 0.011)
(0.309375 0.02 0.011)
(0.3265625 0.02 0.011)
(0.34375 0.02 0.011)
(0.3609375 0.02 0.011)
(0.378125 0.02 0.011)
(0.3953125 0.02 0.011)
(0.4125 0.02 0.011)
(0.4296875 0.02 0.011)
(0.446875 0.02 0.011)
(0.4640625 0.02 0.011)
(0.48125 0.02 0.011)
(0.4984375 0.02 0.011)
(0.515625 0.02 0.011)
(0.5328125 0.02 0.011)
(0.55 0.02 0.011)
(0.5671875 0.02 0.011)
(0.584375 0.02 0.011)
(0.6015625 0.02 0.011)
(0.61875 0.02 0.011)
(0.6359375 0.02 0.011)
(0.653125 0.02 0.011)
(0.6703125 0.02 0.011)
(0.6875 0.02 0.011)
(0.7046875 0.02 0.011)
(0.721875 0.02 0.011)
(0.7390625 0.02 0.011)
(0.75625 0.02 0.011)
(0.7734375 0.02 0.011)
(0.790625 0.02 0.011)
(0.8078125 0.02 0.011)
(0.825 0.02 0.011)
(0.8421875 0.02 0.011)
(0.859375 0.02 0.011)
(0.8765625 0.02 0.011)
(0.89375 0.02 0.011)
(0.9109375 0.02 0.011)
(0.928125 0.02 0.011)
(0.9453125 0.02 0.011)
(0.9625 0.02 0.011)
(0.9796875 0.02 0.011)
(0.996875 0.02 0.011)
(1.0140625 0.02 0.011)
(1.03125 0.02 0.011)
(1.0484375 0.02 0.011)
(1.065625 0.02 0.011)
(1.0828125 0.02 0.011)
(1.1 0.02 0.011)
(0 0.025 0.011)
(0.0171875 0.025 0.011)
(0.034375 0.025 0.011)
(0.0515625 0.025 0.011)
(0.06875 0.025 0.011)
(0.0859375 0.025 0.011)
(0.103125 0.025 0.011)
(0.1203125 0.025 0.011)
(0.1375 0.025 0.011)
(0.1546875 0.025 0.011)
(0.171875 0.025 0.011)
(0.1890625 0.025 0.011)
(0.20625 0.025 0.011)
(0.2234375 0.025 0.011)
(0.240625 0.025 0.011)
(0.2578125 0.025 0.011)
(0.275 0.025 0.011)
(0.2921875 0.025 0.011)
(0.309375 0.025 0.011)
(0.3265625 0.025 0.011)
(0.34375 0.025 0.011)
(0.3609375 0.025 0.011)
(0.378125 0.025 0.011)
(0.3953125 0.025 0.011)
(0.4125 0.025 0.011)
(0.4296875 0.025 0.011)
(0.446875 0.025 0.011)
(0.4640625 0.025 0.011)
(0.48125 0.025 0.011)
(0.4984375 0.025 0.011)
(0.515625 0.025 0.011)
(0.5328125 0.025 0.011)
(0.55 0.025 0.011)
(0.5671875 0.025 0.011)
(0.584375 0.025 0.011)
(0.6015625 0.025 0.011)
(0.61875 0.025 0.011)
(0.6359375 0.025 0.011)
(0.653125 0.025 0.011)
(0.6703125 0.025 0.011)
(0.6875 0.025 0.011)
(0.7046875 0.025 0.011)
(0.721875 0.025 0.011)
(0.7390625 0.025 0.011)
(0.75625 0.025 0.011)
(0.7734375 0.025 0.011)
(0.790625 0.025 0.011)
(0.8078125 0.025 0.011)
(0.825 0.025 0.011)
(0.8421875 0.025 0.011)
(0.859375 0.025 0.011)
(0.8765625 0.025 0.011)
(0.89375 0.025 0.011)
(0.9109375 0.025 0.011)
(0.928125 0.025 0.011)
(0.9453125 0.025 0.011)
(0.9625 0.025 0.011)
(0.9796875 0.025 0.011)
(0.996875 0.025 0.011)
(1.0140625 0.025 0.011)
(1.03125 0.025 0.011)
(1.0484375 0.025 0.011)
(1.065625 0.025 0.011)
(1.0828125 0.025 0.011)
(1.1 0.025 0.011)
(0 0.03 0.011)
(0.0171875 0.03 0.011)
(0.034375 0.03 0.011)
(0.0515625 0.03 0.011)
(0.06875 0.03 0.011)
(0.0859375 0.03 0.011)
(0.103125 0.03 0.011)
(0.1203125 0.03 0.011)
(0.1375 0.03 0.011)
(0.1546875 0.03 0.011)
(0.171875 0.03 0.011)
(0.1890625 0.03 0.011)
(0.20625 0.03 0.011)
(0.2234375 0.03 0.011)
(0.240625 0.03 0.011)
(0.2578125 0.03 0.011)
(0.275 0.03 0.011)
(0.2921875 0.03 0.011)
(0.309375 0.03 0.011)
(0.3265625 0.03 0.011)
(0.34375 0.03 0.011)
(0.3609375 0.03 0.011)
(0.378125 0.03 0.011)
(0.3953125 0.03 0.011)
(0.4125 0.03 0.011)
(0.4296875 0.03 0.011)
(0.446875 0.03 0.011)
(0.4640625 0.03 0.011)
(0.48125 0.03 0.011)
(0.4984375 0.03 0.011)
(0.515625 0.03 0.011)
(0.5328125 0.03 0.011)
(0.55 0.03 0.011)
(0.5671875 0.03 0.011)
(0.584375 0.03 0.011)
(0.6015625 0.03 0.011)
(0.61875 0.03 0.011)
(0.6359375 0.03 0.011)
(0.653125 0.03 0.011)
(0.6703125 0.03 0.011)
(0.6875 0.03 0.011)
(0.7046875 0.03 0.011)
(0.721875 0.03 0.011)
(0.7390625 0.03 0.011)
(0.75625 0.03 0.011)
(0.7734375 0.03 0.011)
(0.790625 0.03 0.011)
(0.8078125 0.03 0.011)
(0.825 0.03 0.011)
(0.8421875 0.03 0.011)
(0.859375 0.03 0.011)
(0.8765625 0.03 0.011)
(0.89375 0.03 0.011)
(0.9109375 0.03 0.011)
(0.928125 0.03 0.011)
(0.9453125 0.03 0.011)
(0.9625 0.03 0.011)
(0.9796875 0.03 0.011)
(0.996875 0.03 0.011)
(1.0140625 0.03 0.011)
(1.03125 0.03 0.011)
(1.0484375 0.03 0.011)
(1.065625 0.03 0.011)
(1.0828125 0.03 0.011)
(1.1 0.03 0.011)
(0 0.035 0.011)
(0.0171875 0.035 0.011)
(0.034375 0.035 0.011)
(0.0515625 0.035 0.011)
(0.06875 0.035 0.011)
(0.0859375 0.035 0.011)
(0.103125 0.035 0.011)
(0.1203125 0.035 0.011)
(0.1375 0.035 0.011)
(0.1546875 0.035 0.011)
(0.171875 0.035 0.011)
(0.1890625 0.035 0.011)
(0.20625 0.035 0.011)
(0.2234375 0.035 0.011)
(0.240625 0.035 0.011)
(0.2578125 0.035 0.011)
(0.275 0.035 0.011)
(0.2921875 0.035 0.011)
(0.309375 0.035 0.011)
(0.3265625 0.035 0.011)
(0.34375 0.035 0.011)
(0.3609375 0.035 0.011)
(0.378125 0.035 0.011)
(0.3953125 0.035 0.011)
(0.4125 0.035 0.011)
(0.4296875 0.035 0.011)
(0.446875 0.035 0.011)
(0.4640625 0.035 0.011)
(0.48125 0.035 0.011)
(0.4984375 0.035 0.011)
(0.515625 0.035 0.011)
(0.5328125 0.035 0.011)
(0.55 0.035 0.011)
(0.5671875 0.035 0.011)
(0.584375 0.035 0.011)
(0.6015625 0.035 0.011)
(0.61875 0.035 0.011)
(0.6359375 0.035 0.011)
(0.653125 0.035 0.011)
(0.6703125 0.035 0.011)
(0.6875 0.035 0.011)
(0.7046875 0.035 0.011)
(0.721875 0.035 0.011)
(0.7390625 0.035 0.011)
(0.75625 0.035 0.011)
(0.7734375 0.035 0.011)
(0.790625 0.035 0.011)
(0.8078125 0.035 0.011)
(0.825 0.035 0.011)
(0.8421875 0.035 0.011)
(0.859375 0.035 0.011)
(0.8765625 0.035 0.011)
(0.89375 0.035 0.011)
(0.9109375 0.035 0.011)
(0.928125 0.035 0.011)
(0.9453125 0.035 0.011)
(0.9625 0.035 0.011)
(0.9796875 0.035 0.011)
(0.996875 0.035 0.011)
(1.0140625 0.035 0.011)
(1.03125 0.035 0.011)
(1.0484375 0.035 0.011)
(1.065625 0.035 0.011)
(1.0828125 0.035 0.011)
(1.1 0.035 0.011)
(0 0.04 0.011)
(0.0171875 0.04 0.011)
(0.034375 0.04 0.011)
(0.0515625 0.04 0.011)
(0.06875 0.04 0.011)
(0.0859375 0.04 0.011)
(0.103125 0.04 0.011)
(0.1203125 0.04 0.011)
(0.1375 0.04 0.011)
(0.1546875 0.04 0.011)
(0.171875 0.04 0.011)
(0.1890625 0.04 0.011)
(0.20625 0.04 0.011)
(0.2234375 0.04 0.011)
(0.240625 0.04 0.011)
(0.2578125 0.04 0.011)
(0.275 0.04 0.011)
(0.2921875 0.04 0.011)
(0.309375 0.04 0.011)
(0.3265625 0.04 0.011)
(0.34375 0.04 0.011)
(0.3609375 0.04 0.011)
(0.378125 0.04 0.011)
(0.3953125 0.04 0.011)
(0.4125 0.04 0.011)
(0.4296875 0.04 0.011)
(0.446875 0.04 0.011)
(0.4640625 0.04 0.011)
(0.48125 0.04 0.011)
(0.4984375 0.04 0.011)
(0.515625 0.04 0.011)
(0.5328125 0.04 0.011)
(0.55 0.04 0.011)
(0.5671875 0.04 0.011)
(0.584375 0.04 0.011)
(0.6015625 0.04 0.011)
(0.61875 0.04 0.011)
(0.6359375 0.04 0.011)
(0.653125 0.04 0.011)
(0.6703125 0.04 0.011)
(0.6875 0.04 0.011)
(0.7046875 0.04 0.011)
(0.721875 0.04 0.011)
(0.7390625 0.04 0.011)
(0.75625 0.04 0.011)
(0.7734375 0.04 0.011)
(0.790625 0.04 0.011)
(0.8078125 0.04 0.011)
(0.825 0.04 0.011)
(0.8421875 0.04 0.011)
(0.859375 0.04 0.011)
(0.8765625 0.04 0.011)
(0.89375 0.04 0.011)
(0.9109375 0.04 0.011)
(0.928125 0.04 0.011)
(0.9453125 0.04 0.011)
(0.9625 0.04 0.011)
(0.9796875 0.04 0.011)
(0.996875 0.04 0.011)
(1.0140625 0.04 0.011)
(1.03125 0.04 0.011)
(1.0484375 0.04 0.011)
(1.065625 0.04 0.011)
(1.0828125 0.04 0.011)
(1.1 0.04 0.011)
(0 0.045 0.011)
(0.0171875 0.045 0.011)
(0.034375 0.045 0.011)
(0.0515625 0.045 0.011)
(0.06875 0.045 0.011)
(0.0859375 0.045 0.011)
(0.103125 0.045 0.011)
(0.1203125 0.045 0.011)
(0.1375 0.045 0.011)
(0.1546875 0.045 0.011)
(0.171875 0.045 0.011)
(0.1890625 0.045 0.011)
(0.20625 0.045 0.011)
(0.2234375 0.045 0.011)
(0.240625 0.045 0.011)
(0.2578125 0.045 0.011)
(0.275 0.045 0.011)
(0.2921875 0.045 0.011)
(0.309375 0.045 0.011)
(0.3265625 0.045 0.011)
(0.34375 0.045 0.011)
(0.3609375 0.045 0.011)
(0.378125 0.045 0.011)
(0.3953125 0.045 0.011)
(0.4125 0.045 0.011)
(0.4296875 0.045 0.011)
(0.446875 0.045 0.011)
(0.4640625 0.045 0.011)
(0.48125 0.045 0.011)
(0.4984375 0.045 0.011)
(0.515625 0.045 0.011)
(0.5328125 0.045 0.011)
(0.55 0.045 0.011)
(0.5671875 0.045 0.011)
(0.584375 0.045 0.011)
(0.6015625 0.045 0.011)
(0.61875 0.045 0.011)
(0.6359375 0.045 0.011)
(0.653125 0.045 0.011)
(0.6703125 0.045 0.011)
(0.6875 0.045 0.011)
(0.7046875 0.045 0.011)
(0.721875 0.045 0.011)
(0.7390625 0.045 0.011)
(0.75625 0.045 0.011)
(0.7734375 0.045 0.011)
(0.790625 0.045 0.011)
(0.8078125 0.045 0.011)
(0.825 0.045 0.011)
(0.8421875 0.045 0.011)
(0.859375 0.045 0.011)
(0.8765625 0.045 0.011)
(0.89375 0.045 0.011)
(0.9109375 0.045 0.011)
(0.928125 0.045 0.011)
(0.9453125 0.045 0.011)
(0.9625 0.045 0.011)
(0.9796875 0.045 0.011)
(0.996875 0.045 0.011)
(1.0140625 0.045 0.011)
(1.03125 0.045 0.011)
(1.0484375 0.045 0.011)
(1.065625 0.045 0.011)
(1.0828125 0.045 0.011)
(1.1 0.045 0.011)
(0 0.05 0.011)
(0.0171875 0.05 0.011)
(0.034375 0.05 0.011)
(0.0515625 0.05 0.011)
(0.06875 0.05 0.011)
(0.0859375 0.05 0.011)
(0.103125 0.05 0.011)
(0.1203125 0.05 0.011)
(0.1375 0.05 0.011)
(0.1546875 0.05 0.011)
(0.171875 0.05 0.011)
(0.1890625 0.05 0.011)
(0.20625 0.05 0.011)
(0.2234375 0.05 0.011)
(0.240625 0.05 0.011)
(0.2578125 0.05 0.011)
(0.275 0.05 0.011)
(0.2921875 0.05 0.011)
(0.309375 0.05 0.011)
(0.3265625 0.05 0.011)
(0.34375 0.05 0.011)
(0.3609375 0.05 0.011)
(0.378125 0.05 0.011)
(0.3953125 0.05 0.011)
(0.4125 0.05 0.011)
(0.4296875 0.05 0.011)
(0.446875 0.05 0.011)
(0.4640625 0.05 0.011)
(0.48125 0.05 0.011)
(0.4984375 0.05 0.011)
(0.515625 0.05 0.011)
(0.5328125 0.05 0.011)
(0.55 0.05 0.011)
(0.5671875 0.05 0.011)
(0.584375 0.05 0.011)
(0.6015625 0.05 0.011)
(0.61875 0.05 0.011)
(0.6359375 0.05 0.011)
(0.653125 0.05 0.011)
(0.6703125 0.05 0.011)
(0.6875 0.05 0.011)
(0.7046875 0.05 0.011)
(0.721875 0.05 0.011)
(0.7390625 0.05 0.011)
(0.75625 0.05 0.011)
(0.7734375 0.05 0.011)
(0.790625 0.05 0.011)
(0.8078125 0.05 0.011)
(0.825 0.05 0.011)
(0.8421875 0.05 0.011)
(0.859375 0.05 0.011)
(0.8765625 0.05 0.011)
(0.89375 0.05 0.011)
(0.9109375 0.05 0.011)
(0.928125 0.05 0.011)
(0.9453125 0.05 0.011)
(0.9625 0.05 0.011)
(0.9796875 0.05 0.011)
(0.996875 0.05 0.011)
(1.0140625 0.05 0.011)
(1.03125 0.05 0.011)
(1.0484375 0.05 0.011)
(1.065625 0.05 0.011)
(1.0828125 0.05 0.011)
(1.1 0.05 0.011)
(0 0.055 0.011)
(0.0171875 0.055 0.011)
(0.034375 0.055 0.011)
(0.0515625 0.055 0.011)
(0.06875 0.055 0.011)
(0.0859375 0.055 0.011)
(0.103125 0.055 0.011)
(0.1203125 0.055 0.011)
(0.1375 0.055 0.011)
(0.1546875 0.055 0.011)
(0.171875 0.055 0.011)
(0.1890625 0.055 0.011)
(0.20625 0.055 0.011)
(0.2234375 0.055 0.011)
(0.240625 0.055 0.011)
(0.2578125 0.055 0.011)
(0.275 0.055 0.011)
(0.2921875 0.055 0.011)
(0.309375 0.055 0.011)
(0.3265625 0.055 0.011)
(0.34375 0.055 0.011)
(0.3609375 0.055 0.011)
(0.378125 0.055 0.011)
(0.3953125 0.055 0.011)
(0.4125 0.055 0.011)
(0.4296875 0.055 0.011)
(0.446875 0.055 0.011)
(0.4640625 0.055 0.011)
(0.48125 0.055 0.011)
(0.4984375 0.055 0.011)
(0.515625 0.055 0.011)
(0.5328125 0.055 0.011)
(0.55 0.055 0.011)
(0.5671875 0.055 0.011)
(0.584375 0.055 0.011)
(0.6015625 0.055 0.011)
(0.61875 0.055 0.011)
(0.6359375 0.055 0.011)
(0.653125 0.055 0.011)
(0.6703125 0.055 0.011)
(0.6875 0.055 0.011)
(0.7046875 0.055 0.011)
(0.721875 0.055 0.011)
(0.7390625 0.055 0.011)
(0.75625 0.055 0.011)
(0.7734375 0.055 0.011)
(0.790625 0.055 0.011)
(0.8078125 0.055 0.011)
(0.825 0.055 0.011)
(0.8421875 0.055 0.011)
(0.859375 0.055 0.011)
(0.8765625 0.055 0.011)
(0.89375 0.055 0.011)
(0.9109375 0.055 0.011)
(0.928125 0.055 0.011)
(0.9453125 0.055 0.011)
(0.9625 0.055 0.011)
(0.9796875 0.055 0.011)
(0.996875 0.055 0.011)
(1.0140625 0.055 0.011)
(1.03125 0.055 0.011)
(1.0484375 0.055 0.011)
(1.065625 0.055 0.011)
(1.0828125 0.055 0.011)
(1.1 0.055 0.011)
(0 0.06 0.011)
(0.0171875 0.06 0.011)
(0.034375 0.06 0.011)
(0.0515625 0.06 0.011)
(0.06875 0.06 0.011)
(0.0859375 0.06 0.011)
(0.103125 0.06 0.011)
(0.1203125 0.06 0.011)
(0.1375 0.06 0.011)
(0.1546875 0.06 0.011)
(0.171875 0.06 0.011)
(0.1890625 0.06 0.011)
(0.20625 0.06 0.011)
(0.2234375 0.06 0.011)
(0.240625 0.06 0.011)
(0.2578125 0.06 0.011)
(0.275 0.06 0.011)
(0.2921875 0.06 0.011)
(0.309375 0.06 0.011)
(0.3265625 0.06 0.011)
(0.34375 0.06 0.011)
(0.3609375 0.06 0.011)
(0.378125 0.06 0.011)
(0.3953125 0.06 0.011)
(0.4125 0.06 0.011)
(0.4296875 0.06 0.011)
(0.446875 0.06 0.011)
(0.4640625 0.06 0.011)
(0.48125 0.06 0.011)
(0.4984375 0.06 0.011)
(0.515625 0.06 0.011)
(0.5328125 0.06 0.011)
(0.55 0.06 0.011)
(0.5671875 0.06 0.011)
(0.584375 0.06 0.011)
(0.6015625 0.06 0.011)
(0.61875 0.06 0.011)
(0.6359375 0.06 0.011)
(0.653125 0.06 0.011)
(0.6703125 0.06 0.011)
(0.6875 0.06 0.011)
(0.7046875 0.06 0.011)
(0.721875 0.06 0.011)
(0.7390625 0.06 0.011)
(0.75625 0.06 0.011)
(0.7734375 0.06 0.011)
(0.790625 0.06 0.011)
(0.8078125 0.06 0.011)
(0.825 0.06 0.011)
(0.8421875 0.06 0.011)
(0.859375 0.06 0.011)
(0.8765625 0.06 0.011)
(0.89375 0.06 0.011)
(0.9109375 0.06 0.011)
(0.928125 0.06 0.011)
(0.9453125 0.06 0.011)
(0.9625 0.06 0.011)
(0.9796875 0.06 0.011)
(0.996875 0.06 0.011)
(1.0140625 0.06 0.011)
(1.03125 0.06 0.011)
(1.0484375 0.06 0.011)
(1.065625 0.06 0.011)
(1.0828125 0.06 0.011)
(1.1 0.06 0.011)
(0 0.065 0.011)
(0.0171875 0.065 0.011)
(0.034375 0.065 0.011)
(0.0515625 0.065 0.011)
(0.06875 0.065 0.011)
(0.0859375 0.065 0.011)
(0.103125 0.065 0.011)
(0.1203125 0.065 0.011)
(0.1375 0.065 0.011)
(0.1546875 0.065 0.011)
(0.171875 0.065 0.011)
(0.1890625 0.065 0.011)
(0.20625 0.065 0.011)
(0.2234375 0.065 0.011)
(0.240625 0.065 0.011)
(0.2578125 0.065 0.011)
(0.275 0.065 0.011)
(0.2921875 0.065 0.011)
(0.309375 0.065 0.011)
(0.3265625 0.065 0.011)
(0.34375 0.065 0.011)
(0.3609375 0.065 0.011)
(0.378125 0.065 0.011)
(0.3953125 0.065 0.011)
(0.4125 0.065 0.011)
(0.4296875 0.065 0.011)
(0.446875 0.065 0.011)
(0.4640625 0.065 0.011)
(0.48125 0.065 0.011)
(0.4984375 0.065 0.011)
(0.515625 0.065 0.011)
(0.5328125 0.065 0.011)
(0.55 0.065 0.011)
(0.5671875 0.065 0.011)
(0.584375 0.065 0.011)
(0.6015625 0.065 0.011)
(0.61875 0.065 0.011)
(0.6359375 0.065 0.011)
(0.653125 0.065 0.011)
(0.6703125 0.065 0.011)
(0.6875 0.065 0.011)
(0.7046875 0.065 0.011)
(0.721875 0.065 0.011)
(0.7390625 0.065 0.011)
(0.75625 0.065 0.011)
(0.7734375 0.065 0.011)
(0.790625 0.065 0.011)
(0.8078125 0.065 0.011)
(0.825 0.065 0.011)
(0.8421875 0.065 0.011)
(0.859375 0.065 0.011)
(0.8765625 0.065 0.011)
(0.89375 0.065 0.011)
(0.9109375 0.065 0.011)
(0.928125 0.065 0.011)
(0.9453125 0.065 0.011)
(0.9625 0.065 0.011)
(0.9796875 0.065 0.011)
(0.996875 0.065 0.011)
(1.0140625 0.065 0.011)
(1.03125 0.065 0.011)
(1.0484375 0.065 0.011)
(1.065625 0.065 0.011)
(1.0828125 0.065 0.011)
(1.1 0.065 0.011)
(0 0.07 0.011)
(0.0171875 0.07 0.011)
(0.034375 0.07 0.011)
(0.0515625 0.07 0.011)
(0.06875 0.07 0.011)
(0.0859375 0.07 0.011)
(0.103125 0.07 0.011)
(0.1203125 0.07 0.011)
(0.1375 0.07 0.011)
(0.1546875 0.07 0.011)
(0.171875 0.07 0.011)
(0.1890625 0.07 0.011)
(0.20625 0.07 0.011)
(0.2234375 0.07 0.011)
(0.240625 0.07 0.011)
(0.2578125 0.07 0.011)
(0.275 0.07 0.011)
(0.2921875 0.07 0.011)
(0.309375 0.07 0.011)
(0.3265625 0.07 0.011)
(0.34375 0.07 0.011)
(0.3609375 0.07 0.011)
(0.378125 0.07 0.011)
(0.3953125 0.07 0.011)
(0.4125 0.07 0.011)
(0.4296875 0.07 0.011)
(0.446875 0.07 0.011)
(0.4640625 0.07 0.011)
(0.48125 0.07 0.011)
(0.4984375 0.07 0.011)
(0.515625 0.07 0.011)
(0.5328125 0.07 0.011)
(0.55 0.07 0.011)
(0.5671875 0.07 0.011)
(0.584375 0.07 0.011)
(0.6015625 0.07 0.011)
(0.61875 0.07 0.011)
(0.6359375 0.07 0.011)
(0.653125 0.07 0.011)
(0.6703125 0.07 0.011)
(0.6875 0.07 0.011)
(0.7046875 0.07 0.011)
(0.721875 0.07 0.011)
(0.7390625 0.07 0.011)
(0.75625 0.07 0.011)
(0.7734375 0.07 0.011)
(0.790625 0.07 0.011)
(0.8078125 0.07 0.011)
(0.825 0.07 0.011)
(0.8421875 0.07 0.011)
(0.859375 0.07 0.011)
(0.8765625 0.07 0.011)
(0.89375 0.07 0.011)
(0.9109375 0.07 0.011)
(0.928125 0.07 0.011)
(0.9453125 0.07 0.011)
(0.9625 0.07 0.011)
(0.9796875 0.07 0.011)
(0.996875 0.07 0.011)
(1.0140625 0.07 0.011)
(1.03125 0.07 0.011)
(1.0484375 0.07 0.011)
(1.065625 0.07 0.011)
(1.0828125 0.07 0.011)
(1.1 0.07 0.011)
(0 0.075 0.011)
(0.0171875 0.075 0.011)
(0.034375 0.075 0.011)
(0.0515625 0.075 0.011)
(0.06875 0.075 0.011)
(0.0859375 0.075 0.011)
(0.103125 0.075 0.011)
(0.1203125 0.075 0.011)
(0.1375 0.075 0.011)
(0.1546875 0.075 0.011)
(0.171875 0.075 0.011)
(0.1890625 0.075 0.011)
(0.20625 0.075 0.011)
(0.2234375 0.075 0.011)
(0.240625 0.075 0.011)
(0.2578125 0.075 0.011)
(0.275 0.075 0.011)
(0.2921875 0.075 0.011)
(0.309375 0.075 0.011)
(0.3265625 0.075 0.011)
(0.34375 0.075 0.011)
(0.3609375 0.075 0.011)
(0.378125 0.075 0.011)
(0.3953125 0.075 0.011)
(0.4125 0.075 0.011)
(0.4296875 0.075 0.011)
(0.446875 0.075 0.011)
(0.4640625 0.075 0.011)
(0.48125 0.075 0.011)
(0.4984375 0.075 0.011)
(0.515625 0.075 0.011)
(0.5328125 0.075 0.011)
(0.55 0.075 0.011)
(0.5671875 0.075 0.011)
(0.584375 0.075 0.011)
(0.6015625 0.075 0.011)
(0.61875 0.075 0.011)
(0.6359375 0.075 0.011)
(0.653125 0.075 0.011)
(0.6703125 0.075 0.011)
(0.6875 0.075 0.011)
(0.7046875 0.075 0.011)
(0.721875 0.075 0.011)
(0.7390625 0.075 0.011)
(0.75625 0.075 0.011)
(0.7734375 0.075 0.011)
(0.790625 0.075 0.011)
(0.8078125 0.075 0.011)
(0.825 0.075 0.011)
(0.8421875 0.075 0.011)
(0.859375 0.075 0.011)
(0.8765625 0.075 0.011)
(0.89375 0.075 0.011)
(0.9109375 0.075 0.011)
(0.928125 0.075 0.011)
(0.9453125 0.075 0.011)
(0.9625 0.075 0.011)
(0.9796875 0.075 0.011)
(0.996875 0.075 0.011)
(1.0140625 0.075 0.011)
(1.03125 0.075 0.011)
(1.0484375 0.075 0.011)
(1.065625 0.075 0.011)
(1.0828125 0.075 0.011)
(1.1 0.075 0.011)
(0 0.08 0.011)
(0.0171875 0.08 0.011)
(0.034375 0.08 0.011)
(0.0515625 0.08 0.011)
(0.06875 0.08 0.011)
(0.0859375 0.08 0.011)
(0.103125 0.08 0.011)
(0.1203125 0.08 0.011)
(0.1375 0.08 0.011)
(0.1546875 0.08 0.011)
(0.171875 0.08 0.011)
(0.1890625 0.08 0.011)
(0.20625 0.08 0.011)
(0.2234375 0.08 0.011)
(0.240625 0.08 0.011)
(0.2578125 0.08 0.011)
(0.275 0.08 0.011)
(0.2921875 0.08 0.011)
(0.309375 0.08 0.011)
(0.3265625 0.08 0.011)
(0.34375 0.08 0.011)
(0.3609375 0.08 0.011)
(0.378125 0.08 0.011)
(0.3953125 0.08 0.011)
(0.4125 0.08 0.011)
(0.4296875 0.08 0.011)
(0.446875 0.08 0.011)
(0.4640625 0.08 0.011)
(0.48125 0.08 0.011)
(0.4984375 0.08 0.011)
(0.515625 0.08 0.011)
(0.5328125 0.08 0.011)
(0.55 0.08 0.011)
(0.5671875 0.08 0.011)
(0.584375 0.08 0.011)
(0.6015625 0.08 0.011)
(0.61875 0.08 0.011)
(0.6359375 0.08 0.011)
(0.653125 0.08 0.011)
(0.6703125 0.08 0.011)
(0.6875 0.08 0.011)
(0.7046875 0.08 0.011)
(0.721875 0.08 0.011)
(0.7390625 0.08 0.011)
(0.75625 0.08 0.011)
(0.7734375 0.08 0.011)
(0.790625 0.08 0.011)
(0.8078125 0.08 0.011)
(0.825 0.08 0.011)
(0.8421875 0.08 0.011)
(0.859375 0.08 0.011)
(0.8765625 0.08 0.011)
(0.89375 0.08 0.011)
(0.9109375 0.08 0.011)
(0.928125 0.08 0.011)
(0.9453125 0.08 0.011)
(0.9625 0.08 0.011)
(0.9796875 0.08 0.011)
(0.996875 0.08 0.011)
(1.0140625 0.08 0.011)
(1.03125 0.08 0.011)
(1.0484375 0.08 0.011)
(1.065625 0.08 0.011)
(1.0828125 0.08 0.011)
(1.1 0.08 0.011)
(0 0.085 0.011)
(0.0171875 0.085 0.011)
(0.034375 0.085 0.011)
(0.0515625 0.085 0.011)
(0.06875 0.085 0.011)
(0.0859375 0.085 0.011)
(0.103125 0.085 0.011)
(0.1203125 0.085 0.011)
(0.1375 0.085 0.011)
(0.1546875 0.085 0.011)
(0.171875 0.085 0.011)
(0.1890625 0.085 0.011)
(0.20625 0.085 0.011)
(0.2234375 0.085 0.011)
(0.240625 0.085 0.011)
(0.2578125 0.085 0.011)
(0.275 0.085 0.011)
(0.2921875 0.085 0.011)
(0.309375 0.085 0.011)
(0.3265625 0.085 0.011)
(0.34375 0.085 0.011)
(0.3609375 0.085 0.011)
(0.378125 0.085 0.011)
(0.3953125 0.085 0.011)
(0.4125 0.085 0.011)
(0.4296875 0.085 0.011)
(0.446875 0.085 0.011)
(0.4640625 0.085 0.011)
(0.48125 0.085 0.011)
(0.4984375 0.085 0.011)
(0.515625 0.085 0.011)
(0.5328125 0.085 0.011)
(0.55 0.085 0.011)
(0.5671875 0.085 0.011)
(0.584375 0.085 0.011)
(0.6015625 0.085 0.011)
(0.61875 0.085 0.011)
(0.6359375 0.085 0.011)
(0.653125 0.085 0.011)
(0.6703125 0.085 0.011)
(0.6875 0.085 0.011)
(0.7046875 0.085 0.011)
(0.721875 0.085 0.011)
(0.7390625 0.085 0.011)
(0.75625 0.085 0.011)
(0.7734375 0.085 0.011)
(0.790625 0.085 0.011)
(0.8078125 0.085 0.011)
(0.825 0.085 0.011)
(0.8421875 0.085 0.011)
(0.859375 0.085 0.011)
(0.8765625 0.085 0.011)
(0.89375 0.085 0.011)
(0.9109375 0.085 0.011)
(0.928125 0.085 0.011)
(0.9453125 0.085 0.011)
(0.9625 0.085 0.011)
(0.9796875 0.085 0.011)
(0.996875 0.085 0.011)
(1.0140625 0.085 0.011)
(1.03125 0.085 0.011)
(1.0484375 0.085 0.011)
(1.065625 0.085 0.011)
(1.0828125 0.085 0.011)
(1.1 0.085 0.011)
(0 0.09 0.011)
(0.0171875 0.09 0.011)
(0.034375 0.09 0.011)
(0.0515625 0.09 0.011)
(0.06875 0.09 0.011)
(0.0859375 0.09 0.011)
(0.103125 0.09 0.011)
(0.1203125 0.09 0.011)
(0.1375 0.09 0.011)
(0.1546875 0.09 0.011)
(0.171875 0.09 0.011)
(0.1890625 0.09 0.011)
(0.20625 0.09 0.011)
(0.2234375 0.09 0.011)
(0.240625 0.09 0.011)
(0.2578125 0.09 0.011)
(0.275 0.09 0.011)
(0.2921875 0.09 0.011)
(0.309375 0.09 0.011)
(0.3265625 0.09 0.011)
(0.34375 0.09 0.011)
(0.3609375 0.09 0.011)
(0.378125 0.09 0.011)
(0.3953125 0.09 0.011)
(0.4125 0.09 0.011)
(0.4296875 0.09 0.011)
(0.446875 0.09 0.011)
(0.4640625 0.09 0.011)
(0.48125 0.09 0.011)
(0.4984375 0.09 0.011)
(0.515625 0.09 0.011)
(0.5328125 0.09 0.011)
(0.55 0.09 0.011)
(0.5671875 0.09 0.011)
(0.584375 0.09 0.011)
(0.6015625 0.09 0.011)
(0.61875 0.09 0.011)
(0.6359375 0.09 0.011)
(0.653125 0.09 0.011)
(0.6703125 0.09 0.011)
(0.6875 0.09 0.011)
(0.7046875 0.09 0.011)
(0.721875 0.09 0.011)
(0.7390625 0.09 0.011)
(0.75625 0.09 0.011)
(0.7734375 0.09 0.011)
(0.790625 0.09 0.011)
(0.8078125 0.09 0.011)
(0.825 0.09 0.011)
(0.8421875 0.09 0.011)
(0.859375 0.09 0.011)
(0.8765625 0.09 0.011)
(0.89375 0.09 0.011)
(0.9109375 0.09 0.011)
(0.928125 0.09 0.011)
(0.9453125 0.09 0.011)
(0.9625 0.09 0.011)
(0.9796875 0.09 0.011)
(0.996875 0.09 0.011)
(1.0140625 0.09 0.011)
(1.03125 0.09 0.011)
(1.0484375 0.09 0.011)
(1.065625 0.09 0.011)
(1.0828125 0.09 0.011)
(1.1 0.09 0.011)
)


// ************************************************************************* //
