/*--------------------------------*- C++ -*----------------------------------*\
| =========                 |                                                 |
| \\      /  F ield         | OpenFOAM: The Open Source CFD Toolbox           |
|  \\    /   O peration     | Version:                                        |
|   \\  /    A nd           | Website:  www.openfoam.com                      |
|    \\/     M anipulation  |                                                 |
\*---------------------------------------------------------------------------*/
FoamFile
{
    version     2.0;
    format      ascii;
    class       volScalarField;
    location    "450";
    object      p;
}
// * * * * * * * * * * * * * * * * * * * * * * * * * * * * * * * * * * * * * //

dimensions      [0 2 -2 0 0 0 0];


internalField   nonuniform List<scalar> 
1456
(
0.0144193756182
0.0140887812902
0.0138497418637
0.0135895713431
0.0133307255872
0.0130720239047
0.0128131314424
0.012554262619
0.0122953952281
0.0120365309105
0.0117776713223
0.0115188151175
0.0112599613573
0.0110011092624
0.0107422582307
0.0104834078524
0.0102245578596
0.00996570808501
0.00970685842831
0.0094480088319
0.00918915926407
0.00893030970825
0.00867146015632
0.0084126106047
0.00815376105207
0.00789491149815
0.00763606194309
0.00737721238716
0.00711836283063
0.00685951327369
0.00660066371649
0.00634181415915
0.00608296460171
0.00582411504423
0.00556526548672
0.0053064159292
0.00504756637167
0.00478871681414
0.00452986725661
0.00427101769908
0.00401216814155
0.00375331858402
0.0034944690265
0.00323561946897
0.00297676991144
0.00271792035392
0.00245907079639
0.00220022123887
0.00194137168135
0.00168252212383
0.00142367256631
0.0011648230088
0.000905973451281
0.000647123893772
0.000388274336261
0.00012942477877
0.0144325109075
0.0140891701528
0.0138494732773
0.0135895150102
0.0133306232258
0.0130719826572
0.012813107659
0.0125542501641
0.0122953893103
0.0120365281888
0.0117776702496
0.0115188148211
0.0112599613856
0.0110011093994
0.0107422583796
0.0104834079771
0.0102245579522
0.00996570814868
0.00970685846972
0.00944800885761
0.00918915927938
0.00893030971699
0.0086714601611
0.00841261060718
0.00815376105326
0.00789491149867
0.00763606194327
0.00737721238719
0.0071183628306
0.00685951327364
0.00660066371646
0.00634181415912
0.0060829646017
0.00582411504422
0.00556526548672
0.0053064159292
0.00504756637167
0.00478871681414
0.00452986725661
0.00427101769908
0.00401216814156
0.00375331858403
0.0034944690265
0.00323561946897
0.00297676991145
0.00271792035392
0.0024590707964
0.00220022123887
0.00194137168135
0.00168252212383
0.00142367256631
0.0011648230088
0.000905973451282
0.000647123893772
0.00038827433626
0.000129424778769
0.0144412526763
0.014087659987
0.0138495119358
0.0135895084403
0.0133305099785
0.0130719459177
0.0128130831652
0.0125542363757
0.0122953825468
0.0120365248045
0.0117776687327
0.011518814246
0.0112599612437
0.011001109437
0.010742258473
0.0104834080722
0.0102245580298
0.00996570820538
0.0097068585083
0.0094480088825
0.00918915929473
0.00893030972607
0.00867146016624
0.00841261060996
0.00815376105469
0.00789491149935
0.00763606194356
0.00737721238729
0.00711836283061
0.00685951327363
0.00660066371643
0.0063418141591
0.00608296460168
0.00582411504421
0.00556526548671
0.0053064159292
0.00504756637167
0.00478871681415
0.00452986725662
0.00427101769909
0.00401216814156
0.00375331858403
0.0034944690265
0.00323561946898
0.00297676991145
0.00271792035392
0.0024590707964
0.00220022123888
0.00194137168135
0.00168252212383
0.00142367256631
0.0011648230088
0.000905973451282
0.000647123893771
0.000388274336258
0.000129424778768
0.0144459630465
0.0140866217368
0.0138493924586
0.013589626247
0.013330407541
0.013071917516
0.012813063334
0.012554223072
0.0122953757407
0.0120365210769
0.0117776668307
0.0115188133611
0.0112599608743
0.0110011093196
0.0107422584663
0.0104834081055
0.0102245580708
0.00996570824134
0.00970685853563
0.0094480089016
0.00918915930731
0.00893030973396
0.00867146017099
0.0084126106127
0.0081537610562
0.00789491150014
0.00763606194395
0.00737721238747
0.00711836283068
0.00685951327364
0.00660066371643
0.00634181415909
0.00608296460167
0.00582411504421
0.00556526548671
0.0053064159292
0.00504756637168
0.00478871681415
0.00452986725662
0.0042710176991
0.00401216814157
0.00375331858404
0.00349446902651
0.00323561946898
0.00297676991146
0.00271792035393
0.00245907079641
0.00220022123888
0.00194137168136
0.00168252212384
0.00142367256632
0.0011648230088
0.000905973451286
0.000647123893774
0.000388274336259
0.000129424778769
0.014449074793
0.0140862057435
0.0138490786561
0.013589814228
0.0133303130376
0.0130718914396
0.0128130464807
0.0125542095972
0.0122953685985
0.012036516943
0.0117776645513
0.0115188121994
0.0112599603134
0.011001109077
0.010742258382
0.0104834080925
0.0102245580854
0.00996570826278
0.00970685855542
0.00944800891705
0.00918915931829
0.00893030974129
0.00867146017564
0.00841261061553
0.00815376105785
0.00789491150106
0.00763606194444
0.00737721238771
0.00711836283079
0.00685951327369
0.00660066371644
0.00634181415909
0.00608296460167
0.0058241150442
0.00556526548671
0.0053064159292
0.00504756637168
0.00478871681416
0.00452986725663
0.0042710176991
0.00401216814157
0.00375331858404
0.00349446902652
0.00323561946899
0.00297676991146
0.00271792035394
0.00245907079641
0.00220022123889
0.00194137168137
0.00168252212385
0.00142367256633
0.00116482300881
0.00090597345129
0.000647123893778
0.00038827433626
0.00012942477877
0.0144514784778
0.0140861300757
0.0138486455403
0.0135900288375
0.0133302252077
0.0130718639354
0.0128130310301
0.0125541955344
0.0122953609142
0.012036512374
0.0117776619182
0.0115188107974
0.011259959596
0.0110011087368
0.0107422582396
0.0104834080463
0.0102245580818
0.00996570827487
0.0097068585707
0.00944800893055
0.0091891593286
0.00893030974852
0.00867146018041
0.00841261061853
0.00815376105966
0.00789491150211
0.00763606194502
0.00737721238802
0.00711836283094
0.00685951327376
0.00660066371647
0.0063418141591
0.00608296460167
0.0058241150442
0.00556526548671
0.0053064159292
0.00504756637168
0.00478871681416
0.00452986725663
0.00427101769911
0.00401216814158
0.00375331858405
0.00349446902653
0.003235619469
0.00297676991147
0.00271792035395
0.00245907079642
0.0022002212389
0.00194137168138
0.00168252212386
0.00142367256634
0.00116482300882
0.000905973451299
0.000647123893784
0.000388274336264
0.000129424778771
0.0144533904233
0.0140862345452
0.0138481630673
0.0135902434758
0.013330145526
0.0130718338999
0.0128130161995
0.0125541809194
0.0122953526953
0.012036507432
0.0117776589952
0.011518809204
0.0112599587576
0.011001108323
0.0107422580545
0.0104834079765
0.0102245580657
0.00996570828075
0.00970685858318
0.00944800894297
0.00918915933864
0.00893030975581
0.00867146018536
0.0084126106217
0.00815376106161
0.00789491150326
0.00763606194567
0.00737721238837
0.00711836283112
0.00685951327384
0.0066006637165
0.00634181415911
0.00608296460167
0.0058241150442
0.00556526548671
0.0053064159292
0.00504756637168
0.00478871681416
0.00452986725664
0.00427101769911
0.00401216814159
0.00375331858406
0.00349446902653
0.00323561946901
0.00297676991148
0.00271792035396
0.00245907079643
0.00220022123891
0.00194137168139
0.00168252212387
0.00142367256635
0.00116482300883
0.000905973451307
0.000647123893791
0.000388274336269
0.000129424778772
0.0144549097404
0.0140864398393
0.0138476829571
0.0135904410428
0.0133300756071
0.0130718019289
0.0128130017451
0.0125541661223
0.0122953441497
0.0120365022769
0.0117776558997
0.011518807494
0.0112599578455
0.0110011078639
0.0107422578432
0.010483407892
0.0102245580419
0.00996570828279
0.00970685859391
0.00944800895472
0.00918915934851
0.00893030976315
0.0086714601904
0.00841261062499
0.00815376106365
0.00789491150447
0.00763606194636
0.00737721238874
0.00711836283132
0.00685951327394
0.00660066371654
0.00634181415913
0.00608296460168
0.0058241150442
0.00556526548671
0.0053064159292
0.00504756637169
0.00478871681417
0.00452986725664
0.00427101769912
0.00401216814159
0.00375331858407
0.00349446902654
0.00323561946902
0.00297676991149
0.00271792035397
0.00245907079645
0.00220022123892
0.0019413716814
0.00168252212388
0.00142367256636
0.00116482300884
0.000905973451319
0.000647123893801
0.000388274336276
0.000129424778774
0.0144561056451
0.0140866894942
0.0138472422524
0.0135906113541
0.0133300165442
0.0130717697633
0.012812987899
0.0125541517917
0.0122953356787
0.0120364971671
0.011777652805
0.0115188057714
0.0112599569208
0.0110011073941
0.010742257624
0.0104834078022
0.0102245580147
0.00996570828275
0.00970685860342
0.00944800896578
0.00918915935801
0.00893030977029
0.00867146019536
0.00841261062824
0.00815376106568
0.00789491150568
0.00763606194706
0.00737721238913
0.00711836283151
0.00685951327403
0.00660066371659
0.00634181415914
0.00608296460168
0.0058241150442
0.0055652654867
0.0053064159292
0.00504756637169
0.00478871681417
0.00452986725665
0.00427101769912
0.0040121681416
0.00375331858408
0.00349446902655
0.00323561946903
0.0029767699115
0.00271792035398
0.00245907079646
0.00220022123894
0.00194137168142
0.00168252212389
0.00142367256637
0.00116482300885
0.00090597345133
0.00064712389381
0.000388274336283
0.000129424778775
0.014457022714
0.0140869384117
0.0138468667376
0.0135907492767
0.0133299689831
0.0130717397957
0.0128129752843
0.0125541387715
0.0122953278325
0.0120364924388
0.0117776499275
0.0115188041625
0.0112599560544
0.011001106952
0.0107422574164
0.0104834077163
0.0102245579879
0.00996570828181
0.00970685861176
0.00944800897579
0.00918915936671
0.00893030977687
0.00867146019995
0.00841261063125
0.00815376106756
0.00789491150681
0.00763606194771
0.00737721238948
0.0071183628317
0.00685951327412
0.00660066371662
0.00634181415915
0.00608296460168
0.00582411504419
0.0055652654867
0.0053064159292
0.00504756637168
0.00478871681417
0.00452986725665
0.00427101769913
0.00401216814161
0.00375331858408
0.00349446902656
0.00323561946904
0.00297676991152
0.00271792035399
0.00245907079647
0.00220022123895
0.00194137168143
0.00168252212391
0.00142367256639
0.00116482300887
0.000905973451342
0.00064712389382
0.000388274336291
0.000129424778776
0.0144576893196
0.0140871525479
0.0138465735029
0.0135908528113
0.0133299332421
0.0130717145674
0.0128129647424
0.012554127973
0.0122953212266
0.0120364884613
0.0117776475004
0.0115188028016
0.0112599553207
0.0110011065767
0.0107422572398
0.0104834076429
0.0102245579647
0.0099657082807
0.00970685861861
0.00944800898414
0.009189159374
0.0089303097824
0.00867146020381
0.00841261063379
0.00815376106915
0.00789491150777
0.00763606194826
0.00737721238978
0.00711836283185
0.00685951327419
0.00660066371665
0.00634181415916
0.00608296460168
0.00582411504419
0.0055652654867
0.00530641592919
0.00504756637168
0.00478871681417
0.00452986725665
0.00427101769913
0.00401216814161
0.00375331858409
0.00349446902657
0.00323561946905
0.00297676991153
0.002717920354
0.00245907079648
0.00220022123896
0.00194137168144
0.00168252212392
0.0014236725664
0.00116482300888
0.000905973451353
0.000647123893829
0.000388274336299
0.000129424778776
0.0144581240837
0.014087307956
0.0138463731446
0.0135909215845
0.0133299094252
0.01307169634
0.01281295713
0.0125541202341
0.0122953164413
0.0120364855816
0.0117776457405
0.0115188018131
0.0112599547874
0.0110011063037
0.0107422571112
0.0104834075893
0.0102245579477
0.0099657082798
0.00970685862354
0.00944800899018
0.00918915937928
0.00893030978641
0.00867146020661
0.00841261063563
0.00815376107031
0.00789491150846
0.00763606194865
0.00737721239
0.00711836283196
0.00685951327425
0.00660066371668
0.00634181415917
0.00608296460168
0.00582411504419
0.00556526548669
0.00530641592919
0.00504756637168
0.00478871681417
0.00452986725665
0.00427101769913
0.00401216814161
0.00375331858409
0.00349446902657
0.00323561946905
0.00297676991153
0.00271792035401
0.00245907079649
0.00220022123897
0.00194137168145
0.00168252212393
0.00142367256641
0.00116482300889
0.000905973451363
0.000647123893837
0.000388274336305
0.000129424778776
0.01445833862
0.014087389412
0.0138462716277
0.0135909558404
0.0133298975296
0.0130716867848
0.0128129531339
0.0125541161928
0.0122953139263
0.0120364840685
0.011777644815
0.0115188012927
0.0112599545066
0.0110011061599
0.0107422570434
0.0104834075611
0.0102245579387
0.00996570827931
0.00970685862612
0.00944800899335
0.00918915938205
0.00893030978852
0.00867146020808
0.00841261063659
0.00815376107091
0.00789491150882
0.00763606194886
0.00737721239011
0.00711836283202
0.00685951327427
0.00660066371668
0.00634181415917
0.00608296460167
0.00582411504418
0.00556526548669
0.00530641592919
0.00504756637168
0.00478871681417
0.00452986725665
0.00427101769914
0.00401216814162
0.0037533185841
0.00349446902658
0.00323561946906
0.00297676991154
0.00271792035402
0.0024590707965
0.00220022123898
0.00194137168146
0.00168252212394
0.00142367256642
0.0011648230089
0.00090597345137
0.000647123893843
0.000388274336311
0.000129424778774
0.01445833862
0.014087389412
0.0138462716277
0.0135909558404
0.0133298975296
0.0130716867848
0.0128129531339
0.0125541161928
0.0122953139263
0.0120364840685
0.011777644815
0.0115188012927
0.0112599545066
0.0110011061599
0.0107422570434
0.0104834075611
0.0102245579387
0.00996570827931
0.00970685862612
0.00944800899335
0.00918915938205
0.00893030978852
0.00867146020808
0.00841261063659
0.00815376107091
0.00789491150882
0.00763606194885
0.00737721239011
0.00711836283202
0.00685951327427
0.00660066371668
0.00634181415916
0.00608296460167
0.00582411504418
0.00556526548669
0.00530641592918
0.00504756637168
0.00478871681417
0.00452986725665
0.00427101769914
0.00401216814162
0.0037533185841
0.00349446902658
0.00323561946906
0.00297676991155
0.00271792035403
0.00245907079651
0.00220022123899
0.00194137168147
0.00168252212395
0.00142367256642
0.0011648230089
0.000905973451375
0.000647123893846
0.000388274336313
0.000129424778772
0.0144581240837
0.014087307956
0.0138463731446
0.0135909215845
0.0133299094252
0.01307169634
0.01281295713
0.0125541202341
0.0122953164413
0.0120364855816
0.0117776457405
0.0115188018131
0.0112599547874
0.0110011063037
0.0107422571112
0.0104834075893
0.0102245579476
0.0099657082798
0.00970685862353
0.00944800899017
0.00918915937927
0.0089303097864
0.0086714602066
0.00841261063562
0.00815376107029
0.00789491150845
0.00763606194864
0.00737721238998
0.00711836283195
0.00685951327423
0.00660066371666
0.00634181415915
0.00608296460166
0.00582411504418
0.00556526548668
0.00530641592918
0.00504756637168
0.00478871681417
0.00452986725665
0.00427101769914
0.00401216814162
0.0037533185841
0.00349446902659
0.00323561946907
0.00297676991155
0.00271792035403
0.00245907079651
0.00220022123899
0.00194137168147
0.00168252212395
0.00142367256643
0.0011648230089
0.000905973451377
0.000647123893847
0.000388274336315
0.000129424778769
0.0144576893196
0.0140871525479
0.0138465735029
0.0135908528113
0.0133299332421
0.0130717145674
0.0128129647424
0.012554127973
0.0122953212266
0.0120364884613
0.0117776475004
0.0115188028016
0.0112599553207
0.0110011065767
0.0107422572398
0.0104834076429
0.0102245579646
0.00996570828069
0.0097068586186
0.00944800898413
0.00918915937398
0.00893030978239
0.00867146020379
0.00841261063377
0.00815376106913
0.00789491150775
0.00763606194823
0.00737721238976
0.00711836283183
0.00685951327417
0.00660066371663
0.00634181415914
0.00608296460166
0.00582411504418
0.00556526548668
0.00530641592918
0.00504756637168
0.00478871681417
0.00452986725665
0.00427101769914
0.00401216814162
0.0037533185841
0.00349446902659
0.00323561946907
0.00297676991155
0.00271792035403
0.00245907079651
0.00220022123899
0.00194137168147
0.00168252212395
0.00142367256643
0.0011648230089
0.000905973451375
0.000647123893844
0.000388274336313
0.000129424778765
0.014457022714
0.0140869384117
0.0138468667376
0.0135907492767
0.013329968983
0.0130717397957
0.0128129752843
0.0125541387715
0.0122953278325
0.0120364924387
0.0117776499275
0.0115188041625
0.0112599560544
0.011001106952
0.0107422574164
0.0104834077163
0.0102245579878
0.0099657082818
0.00970685861174
0.00944800897577
0.00918915936669
0.00893030977685
0.00867146019993
0.00841261063122
0.00815376106754
0.00789491150679
0.00763606194768
0.00737721238945
0.00711836283167
0.00685951327409
0.0066006637166
0.00634181415913
0.00608296460166
0.00582411504418
0.00556526548668
0.00530641592918
0.00504756637168
0.00478871681417
0.00452986725665
0.00427101769914
0.00401216814162
0.0037533185841
0.00349446902659
0.00323561946907
0.00297676991155
0.00271792035403
0.00245907079651
0.00220022123899
0.00194137168147
0.00168252212395
0.00142367256642
0.0011648230089
0.000905973451371
0.00064712389384
0.000388274336311
0.00012942477876
0.0144561056451
0.0140866894942
0.0138472422524
0.0135906113541
0.0133300165442
0.0130717697633
0.012812987899
0.0125541517917
0.0122953356787
0.0120364971671
0.011777652805
0.0115188057714
0.0112599569207
0.0110011073941
0.010742257624
0.0104834078022
0.0102245580147
0.00996570828273
0.0097068586034
0.00944800896576
0.00918915935799
0.00893030977027
0.00867146019534
0.00841261062821
0.00815376106565
0.00789491150565
0.00763606194703
0.00737721238909
0.00711836283148
0.006859513274
0.00660066371656
0.00634181415911
0.00608296460165
0.00582411504418
0.00556526548669
0.00530641592919
0.00504756637168
0.00478871681417
0.00452986725665
0.00427101769914
0.00401216814162
0.0037533185841
0.00349446902658
0.00323561946907
0.00297676991155
0.00271792035403
0.00245907079651
0.00220022123898
0.00194137168146
0.00168252212394
0.00142367256642
0.00116482300889
0.000905973451364
0.000647123893833
0.000388274336306
0.000129424778756
0.0144549097404
0.0140864398393
0.0138476829571
0.0135904410428
0.0133300756071
0.0130718019289
0.0128130017451
0.0125541661223
0.0122953441497
0.0120365022769
0.0117776558996
0.011518807494
0.0112599578455
0.0110011078639
0.0107422578432
0.010483407892
0.0102245580419
0.00996570828277
0.00970685859389
0.0094480089547
0.00918915934849
0.00893030976312
0.00867146019038
0.00841261062496
0.00815376106362
0.00789491150444
0.00763606194633
0.00737721238871
0.00711836283128
0.0068595132739
0.00660066371651
0.0063418141591
0.00608296460165
0.00582411504418
0.00556526548669
0.00530641592919
0.00504756637168
0.00478871681417
0.00452986725665
0.00427101769914
0.00401216814162
0.0037533185841
0.00349446902658
0.00323561946906
0.00297676991154
0.00271792035402
0.0024590707965
0.00220022123898
0.00194137168145
0.00168252212393
0.00142367256641
0.00116482300888
0.000905973451355
0.000647123893825
0.0003882743363
0.000129424778751
0.0144533904233
0.0140862345452
0.0138481630673
0.0135902434758
0.013330145526
0.0130718338999
0.0128130161995
0.0125541809194
0.0122953526953
0.012036507432
0.0117776589952
0.011518809204
0.0112599587576
0.011001108323
0.0107422580545
0.0104834079764
0.0102245580657
0.00996570828073
0.00970685858316
0.00944800894295
0.00918915933862
0.00893030975579
0.00867146018533
0.00841261062167
0.00815376106158
0.00789491150322
0.00763606194564
0.00737721238833
0.00711836283109
0.00685951327381
0.00660066371648
0.00634181415908
0.00608296460165
0.00582411504418
0.0055652654867
0.0053064159292
0.00504756637169
0.00478871681417
0.00452986725666
0.00427101769914
0.00401216814162
0.0037533185841
0.00349446902658
0.00323561946906
0.00297676991154
0.00271792035401
0.00245907079649
0.00220022123897
0.00194137168144
0.00168252212392
0.0014236725664
0.00116482300887
0.000905973451344
0.000647123893815
0.000388274336293
0.000129424778747
0.0144514784778
0.0140861300757
0.0138486455403
0.0135900288375
0.0133302252077
0.0130718639354
0.0128130310301
0.0125541955344
0.0122953609142
0.012036512374
0.0117776619182
0.0115188107974
0.011259959596
0.0110011087368
0.0107422582395
0.0104834080463
0.0102245580818
0.00996570827485
0.00970685857069
0.00944800893053
0.00918915932858
0.00893030974849
0.00867146018039
0.0084126106185
0.00815376105963
0.00789491150208
0.00763606194499
0.00737721238799
0.00711836283091
0.00685951327373
0.00660066371644
0.00634181415908
0.00608296460165
0.00582411504419
0.0055652654867
0.0053064159292
0.00504756637169
0.00478871681417
0.00452986725666
0.00427101769914
0.00401216814162
0.0037533185841
0.00349446902657
0.00323561946905
0.00297676991153
0.00271792035401
0.00245907079648
0.00220022123896
0.00194137168143
0.00168252212391
0.00142367256638
0.00116482300886
0.000905973451333
0.000647123893806
0.000388274336286
0.000129424778744
0.014449074793
0.0140862057435
0.0138490786561
0.013589814228
0.0133303130376
0.0130718914396
0.0128130464807
0.0125542095972
0.0122953685985
0.0120365169429
0.0117776645513
0.0115188121994
0.0112599603134
0.011001109077
0.0107422583819
0.0104834080925
0.0102245580853
0.00996570826276
0.00970685855541
0.00944800891703
0.00918915931827
0.00893030974127
0.00867146017562
0.0084126106155
0.00815376105783
0.00789491150104
0.00763606194442
0.00737721238769
0.00711836283077
0.00685951327367
0.00660066371642
0.00634181415908
0.00608296460166
0.0058241150442
0.00556526548671
0.00530641592921
0.0050475663717
0.00478871681418
0.00452986725666
0.00427101769914
0.00401216814161
0.00375331858409
0.00349446902657
0.00323561946904
0.00297676991152
0.002717920354
0.00245907079647
0.00220022123895
0.00194137168142
0.0016825221239
0.00142367256637
0.00116482300885
0.000905973451321
0.000647123893796
0.000388274336278
0.000129424778741
0.0144459630465
0.0140866217368
0.0138493924586
0.013589626247
0.013330407541
0.013071917516
0.012813063334
0.012554223072
0.0122953757407
0.0120365210769
0.0117776668307
0.0115188133611
0.0112599608743
0.0110011093196
0.0107422584663
0.0104834081055
0.0102245580708
0.00996570824133
0.00970685853562
0.00944800890159
0.00918915930729
0.00893030973394
0.00867146017097
0.00841261061268
0.00815376105618
0.00789491150012
0.00763606194393
0.00737721238745
0.00711836283066
0.00685951327363
0.00660066371642
0.00634181415908
0.00608296460167
0.00582411504421
0.00556526548672
0.00530641592922
0.0050475663717
0.00478871681418
0.00452986725666
0.00427101769914
0.00401216814161
0.00375331858409
0.00349446902656
0.00323561946904
0.00297676991151
0.00271792035399
0.00245907079646
0.00220022123893
0.00194137168141
0.00168252212388
0.00142367256636
0.00116482300883
0.00090597345131
0.000647123893786
0.000388274336271
0.000129424778738
0.0144412526763
0.014087659987
0.0138495119358
0.0135895084403
0.0133305099785
0.0130719459177
0.0128130831652
0.0125542363757
0.0122953825468
0.0120365248045
0.0117776687327
0.011518814246
0.0112599612437
0.011001109437
0.010742258473
0.0104834080722
0.0102245580298
0.00996570820537
0.00970685850829
0.00944800888249
0.00918915929471
0.00893030972605
0.00867146016623
0.00841261060995
0.00815376105468
0.00789491149933
0.00763606194355
0.00737721238728
0.0071183628306
0.00685951327362
0.00660066371643
0.0063418141591
0.00608296460169
0.00582411504423
0.00556526548673
0.00530641592922
0.00504756637171
0.00478871681418
0.00452986725666
0.00427101769914
0.00401216814161
0.00375331858408
0.00349446902656
0.00323561946903
0.0029767699115
0.00271792035398
0.00245907079645
0.00220022123892
0.0019413716814
0.00168252212387
0.00142367256634
0.00116482300882
0.000905973451298
0.000647123893776
0.000388274336264
0.000129424778736
0.0144325109075
0.0140891701528
0.0138494732773
0.0135895150102
0.0133306232258
0.0130719826572
0.012813107659
0.0125542501641
0.0122953893103
0.0120365281888
0.0117776702496
0.0115188148211
0.0112599613856
0.0110011093994
0.0107422583796
0.0104834079771
0.0102245579522
0.00996570814867
0.00970685846971
0.0094480088576
0.00918915927937
0.00893030971699
0.00867146016109
0.00841261060717
0.00815376105326
0.00789491149866
0.00763606194327
0.00737721238719
0.0071183628306
0.00685951327365
0.00660066371647
0.00634181415913
0.00608296460172
0.00582411504425
0.00556526548675
0.00530641592923
0.00504756637171
0.00478871681419
0.00452986725666
0.00427101769914
0.00401216814161
0.00375331858408
0.00349446902655
0.00323561946903
0.0029767699115
0.00271792035397
0.00245907079644
0.00220022123891
0.00194137168138
0.00168252212386
0.00142367256633
0.00116482300881
0.000905973451287
0.000647123893767
0.000388274336256
0.000129424778733
0.0144193756182
0.0140887812902
0.0138497418637
0.0135895713431
0.0133307255872
0.0130720239047
0.0128131314424
0.012554262619
0.0122953952281
0.0120365309105
0.0117776713223
0.0115188151175
0.0112599613573
0.0110011092624
0.0107422582307
0.0104834078524
0.0102245578596
0.009965708085
0.0097068584283
0.00944800883189
0.00918915926406
0.00893030970824
0.00867146015632
0.0084126106047
0.00815376105207
0.00789491149815
0.00763606194309
0.00737721238717
0.00711836283064
0.0068595132737
0.00660066371651
0.00634181415917
0.00608296460174
0.00582411504427
0.00556526548676
0.00530641592924
0.00504756637172
0.00478871681419
0.00452986725667
0.00427101769914
0.00401216814161
0.00375331858408
0.00349446902655
0.00323561946902
0.00297676991149
0.00271792035396
0.00245907079643
0.0022002212389
0.00194137168137
0.00168252212385
0.00142367256632
0.0011648230088
0.000905973451277
0.000647123893758
0.000388274336249
0.00012942477873
)
;

boundaryField
{
    inlet
    {
        type            zeroGradient;
    }
    outlet
    {
        type            fixedValue;
        value           uniform 0;
    }
    walls
    {
        type            zeroGradient;
    }
    frontAndBack
    {
        type            empty;
    }
}


// ************************************************************************* //
