/*--------------------------------*- C++ -*----------------------------------*\
| =========                 |                                                 |
| \\      /  F ield         | OpenFOAM: The Open Source CFD Toolbox           |
|  \\    /   O peration     | Version:                                        |
|   \\  /    A nd           | Website:  www.openfoam.com                      |
|    \\/     M anipulation  |                                                 |
\*---------------------------------------------------------------------------*/
FoamFile
{
    version     2.0;
    format      ascii;
    class       surfaceScalarField;
    location    "450";
    object      phi;
}
// * * * * * * * * * * * * * * * * * * * * * * * * * * * * * * * * * * * * * //

dimensions      [0 3 -1 0 0 0 0];
oriented        oriented;


internalField   nonuniform List<scalar> 
2830
(
4.65157098082e-07
-7.17483644155e-09
4.64856138153e-07
3.00959929908e-10
4.6547478051e-07
-6.18642357426e-10
4.6575371109e-07
-2.78930578957e-10
4.65838421256e-07
-8.47101659546e-11
4.6588960142e-07
-5.11801629682e-11
4.6591315068e-07
-2.35492603976e-11
4.65923771879e-07
-1.06211977439e-11
4.65928538156e-07
-4.76627634153e-12
4.65930289032e-07
-1.75087512059e-12
4.65930686247e-07
-3.97214934298e-13
4.65930544059e-07
1.42189448177e-13
4.65930238785e-07
3.05274584486e-13
4.65929934819e-07
3.03967530525e-13
4.65929689123e-07
2.45696935541e-13
4.6592951052e-07
1.78604819399e-13
4.6592938942e-07
1.21100951966e-13
4.65929311534e-07
7.78872514291e-14
4.65929263633e-07
4.79020506801e-14
4.65929235374e-07
2.82607855308e-14
4.65929219388e-07
1.59869833202e-14
4.65929210755e-07
8.63502983553e-15
4.65929206345e-07
4.41023239923e-15
4.65929204259e-07
2.08755043576e-15
4.65929203385e-07
8.74899123884e-16
4.65929203103e-07
2.82883868222e-16
4.65929203081e-07
2.15150580762e-17
4.65929203155e-07
-7.40010897459e-17
4.65929203248e-07
-9.31298831798e-17
4.65929203329e-07
-8.18494159388e-17
4.6592920339e-07
-6.21297638984e-17
4.65929203431e-07
-4.32962560317e-17
4.65929203457e-07
-2.84962180196e-17
4.65929203472e-07
-1.80600856403e-17
4.6592920348e-07
-1.13169985259e-17
4.65929203482e-07
-7.30717154297e-18
4.65929203483e-07
-5.2272657837e-18
4.65929203481e-07
-4.39621438711e-18
4.6592920348e-07
-4.39837290029e-18
4.65929203478e-07
-4.87256429456e-18
4.65929203476e-07
-5.67734244042e-18
4.65929203475e-07
-6.62131772117e-18
4.65929203474e-07
-7.69304267074e-18
4.65929203473e-07
-8.75051658059e-18
4.65929203473e-07
-9.82840750271e-18
4.65929203474e-07
-1.07898554024e-17
4.65929203475e-07
-1.16763995674e-17
4.65929203477e-07
-1.23273769677e-17
4.65929203479e-07
-1.27588495207e-17
4.65929203481e-07
-1.28109606288e-17
4.65929203483e-07
-1.245266735e-17
4.65929203485e-07
-1.16045208763e-17
4.65929203487e-07
-1.01077980087e-17
4.65929203489e-07
-8.36219699521e-18
4.65929203491e-07
-5.61528465899e-18
-5.73281832326e-18
1.32306563275e-06
-1.01739503408e-08
1.32447337202e-06
-1.10677934556e-09
1.32504645789e-06
-1.19172822402e-09
1.32563248579e-06
-8.64958482404e-10
1.32586363788e-06
-3.15862253357e-10
1.32598896698e-06
-1.7650925839e-10
1.32605475256e-06
-8.93348488636e-11
1.3260860486e-06
-4.19172335792e-11
1.32610073943e-06
-1.94571036851e-11
1.32610686534e-06
-7.87678616684e-12
1.32610885474e-06
-2.38661124643e-12
1.32610904476e-06
-4.78334291309e-14
1.32610856857e-06
7.81465088923e-13
1.32610794979e-06
9.22748994856e-13
1.32610739889e-06
7.96596194014e-13
1.32610697647e-06
6.01031512741e-13
1.32610667944e-06
4.18128173571e-13
1.32610648292e-06
2.74408044925e-13
1.32610635907e-06
1.7175881622e-13
1.32610628429e-06
1.0304193366e-13
1.32610624097e-06
5.9308001231e-14
1.32610621694e-06
3.26659947776e-14
1.32610620425e-06
1.70948587723e-14
1.32610619797e-06
8.37454213837e-15
1.32610619512e-06
3.71975429536e-15
1.32610619403e-06
1.37877283983e-15
1.32610619375e-06
2.96079428943e-16
1.32610619382e-06
-1.38535429923e-16
1.32610619399e-06
-2.62786157535e-16
1.32610619416e-06
-2.54415382365e-16
1.3261061943e-06
-2.0116975161e-16
1.3261061944e-06
-1.42464248752e-16
1.32610619446e-06
-9.32684188959e-17
1.3261061945e-06
-5.70804338476e-17
1.32610619452e-06
-3.27338812214e-17
1.32610619452e-06
-1.76009633596e-17
1.32610619452e-06
-9.09491347331e-18
1.32610619452e-06
-5.06687083198e-18
1.32610619451e-06
-3.99246456715e-18
1.32610619451e-06
-4.75319133911e-18
1.3261061945e-06
-6.68807325308e-18
1.3261061945e-06
-9.2755605801e-18
1.3261061945e-06
-1.22719186828e-17
1.3261061945e-06
-1.53775823073e-17
1.3261061945e-06
-1.84987677359e-17
1.3261061945e-06
-2.13999386177e-17
1.3261061945e-06
-2.40274308431e-17
1.32610619451e-06
-2.61257537949e-17
1.32610619451e-06
-2.76206619798e-17
1.32610619452e-06
-2.82637020307e-17
1.32610619452e-06
-2.79541741234e-17
1.32610619453e-06
-2.65625734603e-17
1.32610619454e-06
-2.38936135097e-17
1.32610619454e-06
-2.05511147995e-17
1.32610619455e-06
-1.5673899522e-17
-1.56926763923e-17
2.11068290558e-06
-1.05464346342e-08
2.11283019586e-06
-3.2540696252e-09
2.11330792191e-06
-1.66945427661e-09
2.11393104594e-06
-1.48808250817e-09
2.11425147148e-06
-6.36287799642e-10
2.11442328847e-06
-3.48326242438e-10
2.11451895919e-06
-1.85005566688e-10
2.11456683761e-06
-8.97956524381e-11
2.11459006551e-06
-4.26850074832e-11
2.1146003971e-06
-1.82083753455e-11
2.1146042448e-06
-6.23431350638e-12
2.11460511988e-06
-9.2290666229e-13
2.11460478903e-06
1.11231565238e-12
2.11460409831e-06
1.61346690028e-12
2.11460341306e-06
1.48184955835e-12
2.11460285996e-06
1.15413230642e-12
2.1146024584e-06
8.19688466104e-13
2.11460218641e-06
5.46398824098e-13
2.11460201165e-06
3.46525177542e-13
2.11460190426e-06
2.10424329202e-13
2.11460184097e-06
1.22599280892e-13
2.11460180521e-06
6.84326108982e-14
2.11460178592e-06
3.63910232069e-14
2.11460177607e-06
1.82162826367e-14
2.11460177143e-06
8.37031001913e-15
2.11460176948e-06
3.32351411153e-15
2.11460176886e-06
9.23064024865e-16
2.11460176881e-06
-9.08125799065e-17
2.11460176897e-06
-4.24553273219e-16
2.11460176917e-06
-4.55838642674e-16
2.11460176935e-06
-3.75033946841e-16
2.11460176948e-06
-2.70457687407e-16
2.11460176956e-06
-1.77829021895e-16
2.11460176961e-06
-1.07542058429e-16
2.11460176963e-06
-5.9167445087e-17
2.11460176964e-06
-2.84845693284e-17
2.11460176964e-06
-1.08247416152e-17
2.11460176964e-06
-2.14172648638e-18
2.11460176963e-06
5.27939894688e-19
2.11460176962e-06
-6.21959207537e-19
2.11460176961e-06
-4.23736220762e-18
2.1146017696e-06
-9.27669792055e-18
2.1146017696e-06
-1.51991757429e-17
2.1146017696e-06
-2.14227753016e-17
2.1146017696e-06
-2.7708264324e-17
2.1146017696e-06
-3.36205815308e-17
2.11460176961e-06
-3.90155910867e-17
2.11460176962e-06
-4.3459764858e-17
2.11460176963e-06
-4.6810608333e-17
2.11460176964e-06
-4.867124341e-17
2.11460176965e-06
-4.88951626296e-17
2.11460176966e-06
-4.72708472369e-17
2.11460176967e-06
-4.3624740457e-17
2.11460176968e-06
-3.85424124182e-17
2.11460176969e-06
-3.1541482653e-17
-2.89050895444e-17
2.82796940149e-06
-9.80186717116e-09
2.82967993935e-06
-4.96460747708e-09
2.83015135755e-06
-2.14087248374e-09
2.83067796741e-06
-2.01469236653e-09
2.83101531296e-06
-9.73633346583e-10
2.83120347832e-06
-5.36491605224e-10
2.83131260448e-06
-2.94131721243e-10
2.83136988214e-06
-1.47073311162e-10
2.8313985698e-06
-7.1372666217e-11
2.83141194164e-06
-3.15802200515e-11
2.83141736568e-06
-1.16583504251e-11
2.83141899234e-06
-2.54956795222e-12
2.83141898046e-06
1.12419150139e-12
2.83141839556e-06
2.19837302861e-12
2.83141772113e-06
2.15628330143e-12
2.83141714349e-06
1.73176861549e-12
2.83141670966e-06
1.25351720189e-12
2.83141640884e-06
8.47225597556e-13
2.83141621193e-06
5.43433012024e-13
2.83141608897e-06
3.33384482999e-13
2.83141601537e-06
1.96199807516e-13
2.83141597311e-06
1.10697326564e-13
2.83141594989e-06
5.96110677781e-14
2.83141593777e-06
3.03318860875e-14
2.83141593186e-06
1.42832881715e-14
2.83141592925e-06
5.93602368036e-15
2.83141592829e-06
1.88277336744e-15
2.83141592809e-06
1.09603189327e-16
2.83141592819e-06
-5.24879249864e-16
2.83141592838e-06
-6.38460854815e-16
2.83141592855e-06
-5.47489968828e-16
2.83141592868e-06
-4.02228199496e-16
2.83141592877e-06
-2.66048852273e-16
2.83141592882e-06
-1.59714478471e-16
2.83141592885e-06
-8.51035895576e-17
2.83141592885e-06
-3.70513808237e-17
2.83141592885e-06
-8.95288988963e-18
2.83141592884e-06
5.1302160179e-18
2.83141592883e-06
9.73063551132e-18
2.83141592882e-06
8.1708865535e-18
2.83141592881e-06
2.63619015882e-18
2.8314159288e-06
-5.29784383434e-18
2.83141592879e-06
-1.4668400111e-17
2.83141592879e-06
-2.46345399957e-17
2.83141592879e-06
-3.47023354445e-17
2.8314159288e-06
-4.42803802122e-17
2.8314159288e-06
-5.30352458264e-17
2.83141592881e-06
-6.0419927087e-17
2.83141592883e-06
-6.61419606883e-17
2.83141592884e-06
-6.97251875579e-17
2.83141592886e-06
-7.09413535485e-17
2.83141592887e-06
-6.95325562043e-17
2.83141592888e-06
-6.53708747354e-17
2.8314159289e-06
-5.88783203108e-17
2.83141592891e-06
-5.00290086763e-17
-4.38125455878e-17
3.47408080619e-06
-8.60551150175e-09
3.47509283474e-06
-5.97663602452e-09
3.47548776272e-06
-2.53580045903e-09
3.47586630271e-06
-2.39323235597e-09
3.47616075091e-06
-1.26808155302e-09
3.47633489074e-06
-7.10631435492e-10
3.47644015509e-06
-3.99396063733e-10
3.47649800498e-06
-2.04923201763e-10
3.47652792991e-06
-1.01297596329e-10
3.47654244621e-06
-4.60965272234e-11
3.47654872208e-06
-1.7934210972e-11
3.47655091569e-06
-4.74317903594e-12
3.47655126008e-06
7.79795102618e-13
3.47655088863e-06
2.56982879367e-12
3.47655033667e-06
2.70824223909e-12
3.4765498263e-06
2.24213490103e-12
3.47654942759e-06
1.65223300864e-12
3.47654914392e-06
1.13089518741e-12
3.47654895461e-06
7.32745432614e-13
3.47654883445e-06
4.53549821781e-13
3.47654876142e-06
2.69222864006e-13
3.47654871885e-06
1.53273612672e-13
3.47654869506e-06
8.33963386883e-14
3.4765486824e-06
4.29950231729e-14
3.47654867605e-06
2.06341994045e-14
3.47654867313e-06
8.86547874313e-15
3.47654867195e-06
3.05748887686e-15
3.47654867161e-06
4.49221390506e-16
3.47654867163e-06
-5.38164976972e-16
3.47654867176e-06
-7.67940257818e-16
3.4765486719e-06
-6.87808763465e-16
3.47654867201e-06
-5.14328699825e-16
3.47654867209e-06
-3.41699390662e-16
3.47654867214e-06
-2.03209362979e-16
3.47654867215e-06
-1.04429325482e-16
3.47654867216e-06
-4.01039078381e-17
3.47654867215e-06
-2.20004094753e-18
3.47654867214e-06
1.68335762909e-17
3.47654867212e-06
2.29311362261e-17
3.47654867211e-06
2.04938298596e-17
3.4765486721e-06
1.24901217588e-17
3.47654867209e-06
1.05613254419e-18
3.47654867208e-06
-1.24504758964e-17
3.47654867208e-06
-2.68680906005e-17
3.47654867208e-06
-4.14668982911e-17
3.47654867208e-06
-5.54310781557e-17
3.47654867209e-06
-6.8263522038e-17
3.47654867211e-06
-7.92350432412e-17
3.47654867212e-06
-8.79361707906e-17
3.47654867214e-06
-9.37557376446e-17
3.47654867215e-06
-9.64126596773e-17
3.47654867217e-06
-9.55599515804e-17
3.47654867219e-06
-9.11175353373e-17
3.47654867221e-06
-8.3208370949e-17
3.47654867222e-06
-7.223226585e-17
-6.08485626087e-17
4.04867812632e-06
-7.28363782212e-09
4.04902198077e-06
-6.32049047878e-09
4.04926823251e-06
-2.78205219355e-09
4.04947505144e-06
-2.60005128714e-09
4.04968436396e-06
-1.47739407521e-09
4.04981828003e-06
-8.44547497585e-10
4.04990350554e-06
-4.84621576157e-10
4.04995283078e-06
-2.54248441222e-10
4.04997928767e-06
-1.27754486693e-10
4.04999264421e-06
-5.94530692032e-11
4.04999875588e-06
-2.40458794165e-11
4.05000114369e-06
-7.13098832897e-12
4.05000176693e-06
1.56551058843e-13
4.05000164978e-06
2.68698120892e-12
4.05000129478e-06
3.06324230609e-12
4.05000092378e-06
2.61313430566e-12
4.05000061772e-06
1.95829093746e-12
4.0500003927e-06
1.35591823912e-12
4.05000023894e-06
8.86502351455e-13
4.05000013947e-06
5.53029566159e-13
4.05000007797e-06
3.30717020189e-13
4.05000004152e-06
1.89730338093e-13
4.05000002079e-06
1.04126563145e-13
4.05000000952e-06
5.42611803447e-14
4.05000000372e-06
2.64367881886e-14
4.05000000094e-06
1.16495144119e-14
4.04999999974e-06
4.25649101415e-15
4.04999999932e-06
8.68652787573e-16
4.04999999925e-06
-4.66748126989e-16
4.04999999931e-06
-8.26512949586e-16
4.0499999994e-06
-7.74923615062e-16
4.04999999948e-06
-5.88906196324e-16
4.04999999953e-06
-3.91790743854e-16
4.04999999956e-06
-2.29508497138e-16
4.04999999956e-06
-1.12065698402e-16
4.04999999956e-06
-3.49288021533e-17
4.04999999955e-06
1.06842587876e-17
4.04999999953e-06
3.3419390081e-17
4.04999999951e-06
4.02823454276e-17
4.0499999995e-06
3.6504052088e-17
4.04999999948e-06
2.57270843507e-17
4.04999999947e-06
1.05383813961e-17
4.04999999947e-06
-7.30925606581e-18
4.04999999946e-06
-2.63945034698e-17
4.04999999946e-06
-4.57087050487e-17
4.04999999947e-06
-6.42628628263e-17
4.04999999948e-06
-8.13402456783e-17
4.04999999949e-06
-9.60919846735e-17
4.04999999951e-06
-1.07943368744e-16
4.04999999953e-06
-1.16212552663e-16
4.04999999955e-06
-1.20539151543e-16
4.04999999957e-06
-1.20540051706e-16
4.04999999958e-06
-1.16167313111e-16
4.0499999996e-06
-1.07220731147e-16
4.04999999962e-06
-9.44615011441e-17
-7.80358567213e-17
4.55158768124e-06
-5.98883569009e-09
4.55139153025e-06
-6.12433948756e-09
4.5514488574e-06
-2.8393793425e-09
4.55147718659e-06
-2.62838047703e-09
4.55157578289e-06
-1.57599037521e-09
4.55164997738e-06
-9.18741990319e-10
4.5517019367e-06
-5.36580896391e-10
4.55173461271e-06
-2.86924449044e-10
4.55175311173e-06
-1.4625351116e-10
4.55176296736e-06
-6.93086936909e-11
4.55176779418e-06
-2.88726989015e-11
4.55176990202e-06
-9.23883189004e-12
4.55177064751e-06
-5.88934731237e-13
4.5517707697e-06
2.56478422487e-12
4.5517706493e-06
3.18364666114e-12
4.55177046659e-06
2.7958387873e-12
4.55177029678e-06
2.12810902647e-12
4.55177016381e-06
1.48888456902e-12
4.55177006909e-06
9.81222733964e-13
4.55177000582e-06
6.16296967759e-13
4.55176996564e-06
3.70903013264e-13
4.5517699412e-06
2.14167252351e-13
4.55176992694e-06
1.18386355501e-13
4.55176991897e-06
6.22374326243e-14
4.55176991471e-06
3.06929003051e-14
4.55176991257e-06
1.37940390026e-14
4.55176991157e-06
5.25656368898e-15
4.55176991116e-06
1.28209012026e-15
4.55176991103e-06
-3.3208471026e-16
4.55176991101e-06
-8.09216720671e-16
4.55176991104e-06
-7.95821776343e-16
4.55176991106e-06
-6.12898215781e-16
4.55176991108e-06
-4.06040149375e-16
4.55176991108e-06
-2.31591145471e-16
4.55176991108e-06
-1.03793142251e-16
4.55176991106e-06
-1.94119569441e-17
4.55176991104e-06
3.03582577915e-17
4.55176991102e-06
5.46118821851e-17
4.551769911e-06
6.092777418e-17
4.55176991099e-06
5.50313403613e-17
4.55176991097e-06
4.10002470629e-17
4.55176991096e-06
2.17444482058e-17
4.55176991095e-06
-6.91696726347e-19
4.55176991095e-06
-2.4649988172e-17
4.55176991095e-06
-4.88917316762e-17
4.55176991096e-06
-7.22346395029e-17
4.55176991097e-06
-9.37820295663e-17
4.55176991098e-06
-1.12522877198e-16
4.551769911e-06
-1.27757365576e-16
4.55176991102e-06
-1.38691883801e-16
4.55176991104e-06
-1.44921836397e-16
4.55176991106e-06
-1.45987377333e-16
4.55176991108e-06
-1.41886893938e-16
4.55176991109e-06
-1.32037644813e-16
4.55176991111e-06
-1.17560848014e-16
-9.55830779028e-17
4.98271787921e-06
-4.78210293019e-09
4.98212485765e-06
-5.53131792374e-09
4.98198611455e-06
-2.70063623926e-09
4.98184244433e-06
-2.48471026221e-09
4.9818195784e-06
-1.55312444576e-09
4.98182250326e-06
-9.21666849124e-10
4.98183226224e-06
-5.4633987171e-10
4.98184219973e-06
-2.96861946433e-10
4.98184913093e-06
-1.53184708059e-10
4.98185348865e-06
-7.36664104357e-11
4.98185600927e-06
-3.13933177823e-11
4.98185736284e-06
-1.05924031721e-11
4.98185804057e-06
-1.26666461271e-12
4.98185834889e-06
2.25646542327e-12
4.98185846815e-06
3.06438589356e-12
4.98185849832e-06
2.76566908491e-12
4.98185849149e-06
2.1349375302e-12
4.98185847299e-06
1.50737771732e-12
4.98185845394e-06
1.00027964934e-12
4.98185843831e-06
6.31922542885e-13
4.98185842686e-06
3.82351331709e-13
4.98185841906e-06
2.21973002789e-13
4.98185841401e-06
1.2343119546e-13
4.9818584109e-06
6.53567818051e-14
4.98185840904e-06
3.25469024828e-14
4.98185840798e-06
1.48556787599e-14
4.9818584074e-06
5.84308575228e-15
4.98185840708e-06
1.59566020375e-15
4.98185840692e-06
-1.68232118606e-16
4.98185840684e-06
-7.2308182983e-16
4.98185840679e-06
-7.47183563859e-16
4.98185840676e-06
-5.8044709527e-16
4.98185840674e-06
-3.79277153176e-16
4.98185840671e-06
-2.0593705788e-16
4.98185840669e-06
-7.77419819493e-17
4.98185840666e-06
7.03633772967e-18
4.98185840664e-06
5.65586262987e-17
4.98185840662e-06
7.96852856621e-17
4.9818584066e-06
8.39944909889e-17
4.98185840658e-06
7.52849382328e-17
4.98185840656e-06
5.77792672815e-17
4.98185840655e-06
3.45151213664e-17
4.98185840654e-06
7.72507002404e-18
4.98185840654e-06
-2.07899468145e-17
4.98185840654e-06
-4.95894584978e-17
4.98185840655e-06
-7.73528582973e-17
4.98185840656e-06
-1.02997472231e-16
4.98185840657e-06
-1.25409422307e-16
4.98185840659e-06
-1.43744152039e-16
4.9818584066e-06
-1.57164061767e-16
4.98185840662e-06
-1.65203062737e-16
4.98185840664e-06
-1.67389753412e-16
4.98185840666e-06
-1.63751156426e-16
4.98185840668e-06
-1.53398850401e-16
4.9818584067e-06
-1.3779459881e-16
-1.11323095784e-16
5.34202247721e-06
-3.67819433129e-09
5.34115601158e-06
-4.66485228856e-09
5.34083820711e-06
-2.38283177871e-09
5.34053958534e-06
-2.18608848829e-09
5.34039723426e-06
-1.41077336543e-09
5.34032558852e-06
-8.5002110852e-10
5.34028928028e-06
-5.10031631989e-10
5.3402731987e-06
-2.80780370849e-10
5.34026637667e-06
-1.4636267159e-10
5.34026392015e-06
-7.12098892449e-11
5.34026340363e-06
-3.08768064995e-11
5.34026362891e-06
-1.08176832123e-11
5.34026406425e-06
-1.70200489004e-12
5.34026448829e-06
1.83243294812e-12
5.34026482703e-06
2.72564421729e-12
5.34026507138e-06
2.52131420957e-12
5.34026523615e-06
1.97017145825e-12
5.34026534165e-06
1.4018762789e-12
5.34026540628e-06
9.3564580453e-13
5.34026544427e-06
5.93932675264e-13
5.34026546568e-06
3.60946693321e-13
5.34026547718e-06
2.10468000115e-13
5.34026548302e-06
1.17595445732e-13
5.34026548575e-06
6.26264405095e-14
5.34026548687e-06
3.14310235064e-14
5.3402654872e-06
1.45237387712e-14
5.34026548719e-06
5.85452568545e-15
5.34026548706e-06
1.73068484442e-15
5.3402654869e-06
-1.00862544531e-17
5.34026548676e-06
-5.81300181072e-16
5.34026548665e-06
-6.32378660575e-16
5.34026548656e-06
-4.91167848706e-16
5.34026548649e-06
-3.10190975989e-16
5.34026548644e-06
-1.51488278319e-16
5.3402654864e-06
-3.34547664998e-17
5.34026548636e-06
4.42730096281e-17
5.34026548633e-06
8.86915498702e-17
5.34026548631e-06
1.07742001565e-16
5.34026548629e-06
1.08421414727e-16
5.34026548627e-06
9.61387279014e-17
5.34026548625e-06
7.49459098861e-17
5.34026548624e-06
4.77840365832e-17
5.34026548624e-06
1.69310346657e-17
5.34026548623e-06
-1.57563029623e-17
5.34026548623e-06
-4.87023563812e-17
5.34026548624e-06
-8.04785849285e-17
5.34026548625e-06
-1.09857359682e-16
5.34026548626e-06
-1.35621139959e-16
5.34026548627e-06
-1.56817838798e-16
5.34026548629e-06
-1.72548015973e-16
5.34026548631e-06
-1.82321069029e-16
5.34026548633e-06
-1.85628658088e-16
5.34026548634e-06
-1.82562706229e-16
5.34026548636e-06
-1.71936007382e-16
5.34026548638e-06
-1.55613816502e-16
-1.25236471158e-16
5.6294786964e-06
-2.6690858553e-09
5.62843352498e-06
-3.61968086286e-09
5.62796746027e-06
-1.9167670691e-09
5.62753868263e-06
-1.75731084732e-09
5.62728922498e-06
-1.16131571932e-09
5.62714749707e-06
-7.08293199495e-10
5.6270665075e-06
-4.29042057897e-10
5.62702433343e-06
-2.38606300195e-10
5.62700334371e-06
-1.25372953664e-10
5.62699367515e-06
-6.1541336416e-11
5.62698982677e-06
-2.70284273641e-11
5.62698873181e-06
-9.72271847365e-12
5.62698880818e-06
-1.7783764952e-12
5.62698928085e-06
1.35976397933e-12
5.62698980237e-06
2.2041256343e-12
5.62699024188e-06
2.08180571816e-12
5.62699056903e-06
1.64302011575e-12
5.62699079451e-06
1.17639509861e-12
5.6269909414e-06
7.8875225333e-13
5.62699103275e-06
5.02580440739e-13
5.62699108722e-06
3.06480833121e-13
5.62699111836e-06
1.7932157705e-13
5.62699113539e-06
1.00568150263e-13
5.62699114422e-06
5.38012599323e-14
5.62699114848e-06
2.71695507863e-14
5.62699115032e-06
1.26799989245e-14
5.62699115096e-06
5.21497988396e-15
5.62699115105e-06
1.64018548624e-15
5.62699115093e-06
1.14068711035e-16
5.62699115075e-06
-4.00627574058e-16
5.62699115058e-06
-4.61373188041e-16
5.62699115044e-06
-3.5118329863e-16
5.62699115033e-06
-2.02851645448e-16
5.62699115026e-06
-7.12584046516e-17
5.6269911502e-06
2.65646271421e-17
5.62699115015e-06
9.00524667299e-17
5.62699115012e-06
1.24642553558e-16
5.62699115009e-06
1.36805712167e-16
5.62699115007e-06
1.32388279661e-16
5.62699115006e-06
1.15987829815e-16
5.62699115004e-06
9.11540703071e-17
5.62699115003e-06
6.05367185352e-17
5.62699115003e-06
2.62921454616e-17
5.62699115003e-06
-9.75433233814e-18
5.62699115003e-06
-4.59731917653e-17
5.62699115003e-06
-8.0878686974e-17
5.62699115004e-06
-1.13139790405e-16
5.62699115005e-06
-1.41474717689e-16
5.62699115006e-06
-1.64847929059e-16
5.62699115007e-06
-1.82349604508e-16
5.62699115009e-06
-1.93465670881e-16
5.6269911501e-06
-1.97716695183e-16
5.62699115012e-06
-1.95242333673e-16
5.62699115013e-06
-1.84698535865e-16
5.62699115015e-06
-1.68348077789e-16
-1.35683244999e-16
5.84507564182e-06
-1.7358584921e-09
5.84392006313e-06
-2.4641021777e-09
5.84334241002e-06
-1.33911395625e-09
5.84281325977e-06
-1.22816059738e-09
5.8424770556e-06
-8.2511154947e-10
5.84227649038e-06
-5.07727979277e-10
5.84215709927e-06
-3.09650954554e-10
5.84209195581e-06
-1.73462839543e-10
5.84205825101e-06
-9.1668150099e-11
5.84204198882e-06
-4.5279150033e-11
5.842035023e-06
-2.00626073911e-11
5.84203264498e-06
-7.34469752316e-12
5.84203233185e-06
-1.46524650572e-12
5.84203280506e-06
8.86550726561e-13
5.84203346439e-06
1.54479925608e-12
5.84203406375e-06
1.48244530148e-12
5.84203452809e-06
1.17867808517e-12
5.84203485669e-06
8.47790247753e-13
5.84203507512e-06
5.70322565175e-13
5.84203521331e-06
3.64396703392e-13
5.84203529702e-06
2.22769954049e-13
5.84203534567e-06
1.30670453594e-13
5.84203537274e-06
7.3489488029e-14
5.84203538709e-06
3.9454270073e-14
5.84203539423e-06
2.0027053606e-14
5.84203539748e-06
9.43009312192e-15
5.84203539874e-06
3.95392234593e-15
5.84203539906e-06
1.32101458657e-15
5.84203539899e-06
1.89962934154e-16
5.84203539878e-06
-1.96793650576e-16
5.84203539857e-06
-2.47672312188e-16
5.84203539839e-06
-1.70915612427e-16
5.84203539825e-06
-6.48456345422e-17
5.84203539815e-06
2.93662771279e-17
5.84203539808e-06
9.85277198636e-17
5.84203539803e-06
1.41669759742e-16
5.842035398e-06
1.62468700589e-16
5.84203539797e-06
1.65428381681e-16
5.84203539795e-06
1.54808543869e-16
5.84203539794e-06
1.33998931426e-16
5.84203539793e-06
1.05793512272e-16
5.84203539792e-06
7.23168900344e-17
5.84203539792e-06
3.54938439972e-17
5.84203539791e-06
-3.00466838411e-18
5.84203539791e-06
-4.15482106098e-17
5.84203539792e-06
-7.86628695896e-17
5.84203539792e-06
-1.12944106671e-16
5.84203539793e-06
-1.430894231e-16
5.84203539794e-06
-1.68002471431e-16
5.84203539795e-06
-1.86774897634e-16
5.84203539796e-06
-1.98900914932e-16
5.84203539797e-06
-2.0391826381e-16
5.84203539798e-06
-2.02060269784e-16
5.842035398e-06
-1.91876917542e-16
5.84203539801e-06
-1.76090015557e-16
-1.42535109074e-16
5.9888084496e-06
-8.54729374809e-10
5.98759039528e-06
-1.24604786458e-09
5.98693905917e-06
-6.87777843413e-10
5.986342046e-06
-6.31147425059e-10
5.98594509691e-06
-4.28162460474e-10
5.9857022617e-06
-2.64892771043e-10
5.98555482551e-06
-1.62214768269e-10
5.98547263022e-06
-9.12675406576e-11
5.98542936043e-06
-4.83983686292e-11
5.98540807669e-06
-2.39954089998e-11
5.98539870138e-06
-1.06872981622e-11
5.98539530872e-06
-3.95204045419e-12
5.98539466889e-06
-8.25412800622e-13
5.98539512109e-06
4.34354869054e-13
5.98539587113e-06
7.94753595181e-13
5.98539658325e-06
7.7032956174e-13
5.98539714663e-06
6.15288037453e-13
5.98539755062e-06
4.43803572908e-13
5.98539782177e-06
2.99168459916e-13
5.98539799469e-06
1.91478200542e-13
5.98539810021e-06
1.17251017546e-13
5.98539816198e-06
6.89000252004e-14
5.98539819663e-06
3.88385834878e-14
5.98539821516e-06
2.09232110466e-14
5.9853982245e-06
1.06856775269e-14
5.98539822883e-06
5.09592292249e-15
5.98539823058e-06
2.20525176959e-15
5.98539823108e-06
8.15340188536e-16
5.98539823105e-06
2.19278346645e-16
5.98539823084e-06
1.70884541486e-17
5.9853982306e-06
-7.3772173546e-18
5.98539823039e-06
3.52644264726e-17
5.98539823023e-06
9.24671733337e-17
5.98539823012e-06
1.41925780815e-16
5.98539823004e-06
1.76250117997e-16
5.98539822999e-06
1.94599311342e-16
5.98539822996e-06
1.98722001929e-16
5.98539822994e-06
1.90893079963e-16
5.98539822992e-06
1.73419428131e-16
5.98539822991e-06
1.4824124186e-16
5.9853982299e-06
1.17149369816e-16
5.98539822989e-06
8.16369825033e-17
5.98539822989e-06
4.32467629898e-17
5.98539822989e-06
3.44318777676e-18
5.98539822989e-06
-3.62441466018e-17
5.98539822989e-06
-7.43797172969e-17
5.9853982299e-06
-1.09558791248e-16
5.9853982299e-06
-1.40480889363e-16
5.98539822991e-06
-1.66041139298e-16
5.98539822991e-06
-1.85366102434e-16
5.98539822992e-06
-1.97972121961e-16
5.98539822993e-06
-2.03463429552e-16
5.98539822994e-06
-2.02146945056e-16
5.98539822994e-06
-1.92627627992e-16
5.98539822995e-06
-1.78033557861e-16
-1.45244358937e-16
6.06067520411e-06
7.45713216833e-19
6.05942915624e-06
1.90358280742e-18
6.05874137839e-06
2.89503715448e-18
6.05811023096e-06
3.87381960747e-18
6.0576820685e-06
4.93377582183e-18
6.05741717572e-06
6.13092506798e-18
6.05725496095e-06
7.51957563604e-18
6.05716369339e-06
9.17219207075e-18
6.05711529501e-06
1.116361095e-17
6.05709129959e-06
1.35780853606e-17
6.05708061228e-06
1.6483591123e-17
6.05707666022e-06
1.99749219108e-17
6.05707583478e-06
2.41344649195e-17
6.0570762691e-06
2.90721233494e-17
6.05707706382e-06
3.4866942107e-17
6.05707783411e-06
4.16302424477e-17
6.05707844934e-06
4.94377970634e-17
6.05707889309e-06
5.8388113167e-17
6.05707919219e-06
6.85213730077e-17
6.05707938358e-06
7.98803577731e-17
6.05707950074e-06
9.24405848507e-17
6.05707956953e-06
1.06177600111e-16
6.05707960825e-06
1.20971668405e-16
6.05707962903e-06
1.3665548908e-16
6.05707963956e-06
1.5298353758e-16
6.05707964449e-06
1.69650428877e-16
6.0570796465e-06
1.86283490347e-16
6.05707964711e-06
2.02414050582e-16
6.05707964711e-06
2.17535548014e-16
6.0570796469e-06
2.31046403165e-16
6.05707964665e-06
2.42361153553e-16
6.05707964643e-06
2.50820135985e-16
6.05707964627e-06
2.55837660116e-16
6.05707964615e-06
2.5676963909e-16
6.05707964608e-06
2.53163770936e-16
6.05707964603e-06
2.44569352064e-16
6.057079646e-06
2.3080383363e-16
6.05707964598e-06
2.1170439074e-16
6.05707964597e-06
1.8749519125e-16
6.05707964596e-06
1.58478446737e-16
6.05707964595e-06
1.25349190501e-16
6.05707964595e-06
8.88402369113e-17
6.05707964595e-06
5.00682355027e-17
6.05707964595e-06
1.01912039858e-17
6.05707964595e-06
-2.93867929445e-17
6.05707964595e-06
-6.73499600055e-17
6.05707964595e-06
-1.02308407793e-16
6.05707964595e-06
-1.33026365022e-16
6.05707964596e-06
-1.58406131912e-16
6.05707964596e-06
-1.77643915101e-16
6.05707964596e-06
-1.90295236384e-16
6.05707964596e-06
-1.96034250753e-16
6.05707964597e-06
-1.95281836318e-16
6.05707964597e-06
-1.8675562718e-16
6.05707964597e-06
-1.73974355208e-16
-1.43660665484e-16
6.06067520411e-06
8.54729376285e-10
6.05942915624e-06
1.24604786834e-09
6.05874137839e-06
6.8777784913e-10
6.05811023096e-06
6.31147432712e-10
6.0576820685e-06
4.28162470217e-10
6.05741717572e-06
2.64892783144e-10
6.05725496095e-06
1.62214783108e-10
6.0571636934e-06
9.12675587564e-11
6.05711529502e-06
4.83983906555e-11
6.05709129959e-06
2.39954357879e-11
6.05708061228e-06
1.06873306773e-11
6.05707666022e-06
3.95207985272e-12
6.05707583478e-06
8.25460400063e-13
6.05707626911e-06
-4.34297541821e-13
6.05707706383e-06
-7.94684844627e-13
6.05707783411e-06
-7.70247482394e-13
6.05707844935e-06
-6.15190572518e-13
6.0570788931e-06
-4.43688478539e-13
6.0570791922e-06
-2.9903339665e-13
6.0570793836e-06
-1.91320764966e-13
6.05707950076e-06
-1.17068840221e-13
6.05707956955e-06
-6.86907970807e-14
6.05707960827e-06
-3.86002247342e-14
6.05707962906e-06
-2.0653973044e-14
6.05707963959e-06
-1.03843013774e-14
6.05707964452e-06
-4.76173730932e-15
6.05707964654e-06
-1.83834002233e-15
6.05707964716e-06
-4.16694186729e-16
6.05707964717e-06
2.09101651297e-16
6.05707964696e-06
4.37855507512e-16
6.05707964671e-06
4.84540812065e-16
6.0570796465e-06
4.58499220803e-16
6.05707964635e-06
4.110958841e-16
6.05707964624e-06
3.63401837052e-16
6.05707964617e-06
3.21886800664e-16
6.05707964613e-06
2.86538565516e-16
6.0570796461e-06
2.55211925105e-16
6.05707964609e-06
2.25360577495e-16
6.05707964609e-06
1.95073610683e-16
6.05707964608e-06
1.63054731236e-16
6.05707964608e-06
1.28834937593e-16
6.05707964608e-06
9.24180160052e-17
6.05707964608e-06
5.44150846885e-17
6.05707964609e-06
1.56859192518e-17
6.05707964609e-06
-2.25763383445e-17
6.05707964608e-06
-5.91730415442e-17
6.05707964608e-06
-9.28080276002e-17
6.05707964608e-06
-1.22319175961e-16
6.05707964608e-06
-1.46678324051e-16
6.05707964608e-06
-1.65159362039e-16
6.05707964608e-06
-1.77382021382e-16
6.05707964607e-06
-1.8311941727e-16
6.05707964607e-06
-1.82869419014e-16
6.05707964607e-06
-1.75594691863e-16
6.05707964607e-06
-1.65066784287e-16
-1.38428025721e-16
5.9888084496e-06
1.73585849354e-09
5.98759039528e-06
2.46410218134e-09
5.98693905917e-06
1.33911396176e-09
5.986342046e-06
1.22816060474e-09
5.98594509691e-06
8.25111558828e-10
5.9857022617e-06
5.07727990882e-10
5.98555482552e-06
3.09650968756e-10
5.98547263022e-06
1.73462856847e-10
5.98542936044e-06
9.16681711405e-11
5.9854080767e-06
4.52791756009e-11
5.98539870139e-06
2.00626384084e-11
5.98539530873e-06
7.34473508445e-12
5.9853946689e-06
1.46529186863e-12
5.9853951211e-06
-8.86496107628e-13
5.98539587115e-06
-1.54473377071e-12
5.98539658326e-06
-1.48236713223e-12
5.98539714666e-06
-1.17858527935e-12
5.98539755065e-06
-8.4768065933e-13
5.98539782181e-06
-5.70193974493e-13
5.98539799473e-06
-3.64246814465e-13
5.98539810025e-06
-2.22596506288e-13
5.98539816203e-06
-1.30471247943e-13
5.98539819669e-06
-7.32625480754e-14
5.98539821523e-06
-3.91979213341e-14
5.98539822458e-06
-1.97400891876e-14
5.98539822893e-06
-9.11188009052e-15
5.98539823069e-06
-3.60453268101e-15
5.98539823122e-06
-9.41390835739e-16
5.9853982312e-06
2.17992481677e-16
5.98539823101e-06
6.30060601314e-16
5.98539823079e-06
7.0212325574e-16
5.9853982306e-06
6.41186837013e-16
5.98539823047e-06
5.44470967286e-16
5.98539823038e-06
4.51951951001e-16
5.98539823032e-06
3.75966324906e-16
5.98539823029e-06
3.16641530428e-16
5.98539823028e-06
2.69952380096e-16
5.98539823027e-06
2.31101952005e-16
5.98539823027e-06
1.96243383171e-16
5.98539823028e-06
1.62567683835e-16
5.98539823028e-06
1.2856707596e-16
5.98539823028e-06
9.35160686326e-17
5.98539823029e-06
5.75727250383e-17
5.98539823029e-06
2.12527560884e-17
5.98539823029e-06
-1.44528530811e-17
5.98539823028e-06
-4.85269277283e-17
5.98539823028e-06
-7.97693727521e-17
5.98539823028e-06
-1.07154933255e-16
5.98539823027e-06
-1.29729399514e-16
5.98539823026e-06
-1.46890917718e-16
5.98539823026e-06
-1.58326195814e-16
5.98539823025e-06
-1.63917940134e-16
5.98539823025e-06
-1.64266293378e-16
5.98539823024e-06
-1.58610758029e-16
5.98539823023e-06
-1.50870333377e-16
-1.29400291473e-16
5.84507564182e-06
2.66908585665e-09
5.84392006313e-06
3.61968086629e-09
5.84334241002e-06
1.91676707427e-09
5.84281325977e-06
1.75731085421e-09
5.8424770556e-06
1.16131572806e-09
5.84227649038e-06
7.08293210305e-10
5.84215709928e-06
4.29042071106e-10
5.84209195582e-06
2.38606316264e-10
5.84205825102e-06
1.25372973177e-10
5.84204198883e-06
6.15413601024e-11
5.84203502301e-06
2.70284560743e-11
5.84203264499e-06
9.72275321411e-12
5.84203233187e-06
1.77841842587e-12
5.84203280508e-06
-1.35971352163e-12
5.84203346441e-06
-2.20406516524e-12
5.84203406378e-06
-2.0817335621e-12
5.84203452813e-06
-1.64293446772e-12
5.84203485674e-06
-1.17629398916e-12
5.84203507518e-06
-7.88633635979e-13
5.84203521337e-06
-5.02442207605e-13
5.84203529709e-06
-3.06320892372e-13
5.84203534575e-06
-1.79137905663e-13
5.84203537285e-06
-1.00358935962e-13
5.84203538721e-06
-5.35649622204e-14
5.84203539437e-06
-2.69050656666e-14
5.84203539765e-06
-1.23867422403e-14
5.84203539893e-06
-4.89303731051e-15
5.84203539928e-06
-1.29042719282e-15
5.84203539923e-06
2.61738790457e-16
5.84203539906e-06
7.99700944784e-16
5.84203539888e-06
8.79886009054e-16
5.84203539873e-06
7.84193661601e-16
5.84203539863e-06
6.44372577725e-16
5.84203539856e-06
5.14240059308e-16
5.84203539853e-06
4.10008508092e-16
5.84203539851e-06
3.31505096688e-16
5.84203539851e-06
2.72924940318e-16
5.84203539851e-06
2.2758851005e-16
5.84203539852e-06
1.89977636293e-16
5.84203539853e-06
1.56084512908e-16
5.84203539854e-06
1.23489261721e-16
5.84203539854e-06
9.08972001115e-17
5.84203539855e-06
5.80302519213e-17
5.84203539855e-06
2.51187322368e-17
5.84203539855e-06
-7.09107641474e-18
5.84203539854e-06
-3.77379791589e-17
5.84203539854e-06
-6.57833134474e-17
5.84203539853e-06
-9.03263367448e-17
5.84203539852e-06
-1.10547850564e-16
5.84203539851e-06
-1.25955348825e-16
5.8420353985e-06
-1.3632163192e-16
5.84203539849e-06
-1.41647027907e-16
5.84203539848e-06
-1.42583532609e-16
5.84203539847e-06
-1.38724184543e-16
5.84203539846e-06
-1.33913353929e-16
-1.18031917363e-16
5.6294786964e-06
3.67819433254e-09
5.62843352498e-06
4.66485229171e-09
5.62796746027e-06
2.38283178344e-09
5.62753868263e-06
2.18608849456e-09
5.62728922498e-06
1.41077337334e-09
5.62714749707e-06
8.50021118268e-10
5.6270665075e-06
5.10031643857e-10
5.62702433343e-06
2.80780385246e-10
5.62700334372e-06
1.46362689035e-10
5.62699367516e-06
7.120991038e-11
5.62698982679e-06
3.08768320734e-11
5.62698873183e-06
1.08177141228e-11
5.6269888082e-06
1.70204216098e-12
5.62698928088e-06
-1.83238812991e-12
5.6269898024e-06
-2.72559053631e-12
5.62699024191e-06
-2.52125018216e-12
5.62699056907e-06
-1.97009547766e-12
5.62699079456e-06
-1.40178660027e-12
5.62699094147e-06
-9.35540614637e-13
5.62699103283e-06
-5.93810098602e-13
5.62699108732e-06
-3.60804868853e-13
5.62699111848e-06
-2.10305136299e-13
5.62699113553e-06
-1.1740992486e-13
5.62699114438e-06
-6.24169001931e-14
5.62699114866e-06
-3.11964742208e-14
5.62699115054e-06
-1.42636611771e-14
5.62699115121e-06
-5.56898989892e-15
5.62699115134e-06
-1.4204611705e-15
5.62699115125e-06
3.43425307565e-16
5.62699115111e-06
9.35289075118e-16
5.62699115098e-06
1.00362263675e-15
5.62699115089e-06
8.75282361768e-16
5.62699115083e-06
7.01854873145e-16
5.6269911508e-06
5.44450732151e-16
5.62699115078e-06
4.20722926563e-16
5.62699115078e-06
3.2966746112e-16
5.62699115079e-06
2.63945652846e-16
5.62699115081e-06
2.15444678899e-16
5.62699115082e-06
1.77442582253e-16
5.62699115083e-06
1.45071690124e-16
5.62699115084e-06
1.15259398419e-16
5.62699115085e-06
8.62957757287e-17
5.62699115086e-06
5.75547884251e-17
5.62699115086e-06
2.90226783439e-17
5.62699115086e-06
1.21765865084e-18
5.62699115086e-06
-2.51760690168e-17
5.62699115085e-06
-4.92809692094e-17
5.62699115084e-06
-7.03633922402e-17
5.62699115083e-06
-8.77353101648e-17
5.62699115081e-06
-1.01053519616e-16
5.6269911508e-06
-1.10163304247e-16
5.62699115078e-06
-1.1521318915e-16
5.62699115077e-06
-1.16879454782e-16
5.62699115076e-06
-1.15144209369e-16
5.62699115074e-06
-1.13566191164e-16
-1.04162899993e-16
5.34202247721e-06
4.78210293131e-09
5.34115601158e-06
5.53131792654e-09
5.34083820712e-06
2.70063624344e-09
5.34053958534e-06
2.48471026772e-09
5.34039723426e-06
1.55312445267e-09
5.34032558852e-06
9.21666857594e-10
5.34028928029e-06
5.46339881984e-10
5.34027319871e-06
2.96861958852e-10
5.34026637668e-06
1.53184723064e-10
5.34026392016e-06
7.36664285651e-11
5.34026340365e-06
3.13933396816e-11
5.34026362893e-06
1.05924295966e-11
5.34026406428e-06
1.26669644136e-12
5.34026448832e-06
-2.25642718823e-12
5.34026482707e-06
-3.06434012866e-12
5.34026507143e-06
-2.7656145306e-12
5.34026523621e-06
-2.13487281138e-12
5.34026534172e-06
-1.50730135878e-12
5.34026540637e-06
-1.00019009805e-12
5.34026544437e-06
-6.31818204979e-13
5.3402654658e-06
-3.82230617135e-13
5.34026547732e-06
-2.21834386008e-13
5.34026548318e-06
-1.23273294828e-13
5.34026548594e-06
-6.51784377435e-14
5.34026548709e-06
-3.23472749624e-14
5.34026548746e-06
-1.46343190073e-14
5.34026548748e-06
-5.60005747081e-15
5.34026548739e-06
-1.33162386468e-15
5.34026548728e-06
4.51933391862e-16
5.34026548719e-06
1.02434763374e-15
5.34026548713e-06
1.06311213937e-15
5.34026548709e-06
9.07304957285e-16
5.34026548708e-06
7.12517278751e-16
5.34026548708e-06
5.40239416658e-16
5.34026548709e-06
4.07139363172e-16
5.34026548711e-06
3.1095918937e-16
5.34026548713e-06
2.43222262245e-16
5.34026548715e-06
1.94961340285e-16
5.34026548717e-06
1.58795757684e-16
5.34026548719e-06
1.29418950704e-16
5.3402654872e-06
1.03410200576e-16
5.34026548721e-06
7.88289102798e-17
5.34026548722e-06
5.48164199351e-17
5.34026548722e-06
3.11787320879e-17
5.34026548722e-06
8.22672016967e-18
5.34026548721e-06
-1.35103279211e-17
5.3402654872e-06
-3.33434971374e-17
5.34026548719e-06
-5.06882791781e-17
5.34026548718e-06
-6.50182413866e-17
5.34026548716e-06
-7.61107369161e-17
5.34026548715e-06
-8.39064648283e-17
5.34026548713e-06
-8.86510896314e-17
5.34026548711e-06
-9.10448318535e-17
5.34026548709e-06
-9.13867799776e-17
5.34026548708e-06
-9.28326665349e-17
-8.94499370431e-17
4.98271787921e-06
5.98883569107e-09
4.98212485765e-06
6.12433948999e-09
4.98198611455e-06
2.83937934608e-09
4.98184244433e-06
2.62838048169e-09
4.9818195784e-06
1.57599038101e-09
4.98182250327e-06
9.18741997369e-10
4.98183226224e-06
5.36580904888e-10
4.98184219974e-06
2.86924459262e-10
4.98184913094e-06
1.46253523452e-10
4.98185348866e-06
6.93087084924e-11
4.98185600928e-06
2.88727167237e-11
4.98185736286e-06
9.23885334614e-12
4.98185804059e-06
5.88960531019e-13
4.98185834892e-06
-2.56475327717e-12
4.98185846819e-06
-3.18360964991e-12
4.98185849837e-06
-2.7957946953e-12
4.98185849155e-06
-2.12805673616e-12
4.98185847307e-06
-1.48882288659e-12
4.98185845403e-06
-9.81150400961e-13
4.98185843842e-06
-6.16212690192e-13
4.98185842699e-06
-3.70805490192e-13
4.98185841921e-06
-2.14055246186e-13
4.98185841419e-06
-1.1825872902e-13
4.98185841111e-06
-6.20932435988e-14
4.98185840929e-06
-3.05314529117e-14
4.98185840827e-06
-1.36149633887e-14
4.98185840772e-06
-5.05990001625e-15
4.98185840746e-06
-1.06836254205e-15
4.98185840734e-06
5.61788258267e-16
4.98185840731e-06
1.05320890266e-15
4.98185840732e-06
1.05174923567e-15
4.98185840735e-06
8.77751662892e-16
4.98185840738e-06
6.76118614204e-16
4.98185840742e-06
5.02602756447e-16
4.98185840745e-06
3.70881894686e-16
4.98185840748e-06
2.77329357455e-16
4.98185840751e-06
2.1283445377e-16
4.98185840754e-06
1.68265555599e-16
4.98185840756e-06
1.36151045803e-16
4.98185840758e-06
1.1120880414e-16
4.9818584076e-06
8.99531839594e-17
4.98185840761e-06
7.04264404869e-17
4.98185840762e-06
5.1650152655e-17
4.98185840762e-06
3.33187661218e-17
4.98185840762e-06
1.5569228359e-17
4.98185840761e-06
-1.21521479268e-18
4.9818584076e-06
-1.65227161298e-17
4.98185840759e-06
-2.99407102101e-17
4.98185840758e-06
-4.10869718301e-17
4.98185840756e-06
-4.98854769948e-17
4.98185840754e-06
-5.63462589467e-17
4.98185840752e-06
-6.08384886718e-17
4.9818584075e-06
-6.40344896514e-17
4.98185840748e-06
-6.65664350875e-17
4.98185840747e-06
-7.09943798583e-17
-7.3724906252e-17
4.55158768124e-06
7.28363782294e-09
4.55139153025e-06
6.32049048079e-09
4.5514488574e-06
2.78205219647e-09
4.55147718659e-06
2.60005129089e-09
4.55157578289e-06
1.47739407982e-09
4.55164997738e-06
8.44547503135e-10
4.55170193671e-06
4.84621582788e-10
4.55173461272e-06
2.54248449138e-10
4.55175311174e-06
1.27754496164e-10
4.55176296737e-06
5.94530805449e-11
4.55176779419e-06
2.40458930228e-11
4.55176990204e-06
7.13100466182e-12
4.55177064753e-06
-1.565314668e-13
4.55177076974e-06
-2.68695774521e-12
4.55177064934e-06
-3.06321426906e-12
4.55177046665e-06
-2.61310092813e-12
4.55177029684e-06
-1.95825136198e-12
4.55177016389e-06
-1.35587155772e-12
4.55177006918e-06
-8.86447596073e-13
4.55177000594e-06
-5.52965746039e-13
4.55176996577e-06
-3.30643138695e-13
4.55176994136e-06
-1.89645441533e-13
4.55176992713e-06
-1.04029767922e-13
4.55176991919e-06
-5.41517571418e-14
4.55176991497e-06
-2.63141907618e-14
4.55176991286e-06
-1.15134504783e-14
4.55176991191e-06
-4.1069740381e-15
4.55176991154e-06
-7.06072890876e-16
4.55176991146e-06
6.41573922659e-16
4.5517699115e-06
1.01231041394e-15
4.55176991158e-06
9.69902228548e-16
4.55176991167e-06
7.90783841423e-16
4.55176991174e-06
5.97746404141e-16
4.55176991181e-06
4.36279840991e-16
4.55176991186e-06
3.15946907257e-16
4.55176991191e-06
2.31921986262e-16
4.55176991194e-06
1.75173824382e-16
4.55176991197e-06
1.37045956992e-16
4.551769912e-06
1.10592134087e-16
4.55176991202e-06
9.09278747595e-17
4.55176991204e-06
7.48417599502e-17
4.55176991205e-06
6.05027968334e-17
4.55176991206e-06
4.69459361346e-17
4.55176991206e-06
3.38183066866e-17
4.55176991206e-06
2.11262942842e-17
4.55176991205e-06
9.12657142398e-18
4.55176991204e-06
-1.84207467707e-18
4.55176991203e-06
-1.15057244475e-17
4.55176991201e-06
-1.96392292554e-17
4.551769912e-06
-2.62632059174e-17
4.55176991198e-06
-3.14745326541e-17
4.55176991196e-06
-3.5696065575e-17
4.55176991193e-06
-3.95665946824e-17
4.55176991192e-06
-4.3941719262e-17
4.5517699119e-06
-5.07445468705e-17
-5.83671884059e-17
4.04867812632e-06
8.60551150242e-09
4.04902198078e-06
5.97663602612e-09
4.04926823251e-06
2.53580046129e-09
4.04947505144e-06
2.39323235882e-09
4.04968436397e-06
1.26808155646e-09
4.04981828003e-06
7.10631439571e-10
4.04990350554e-06
3.9939606855e-10
4.04995283079e-06
2.04923207445e-10
4.04997928768e-06
1.01297603056e-10
4.04999264422e-06
4.60965352211e-11
4.0499987559e-06
1.79342205076e-11
4.05000114371e-06
4.74319042721e-12
4.05000176696e-06
-7.79781481589e-13
4.05000164981e-06
-2.56981252206e-12
4.05000129482e-06
-2.70822282188e-12
4.05000092383e-06
-2.24211180255e-12
4.05000061779e-06
-1.65220562186e-12
4.05000039278e-06
-1.13086287493e-12
4.05000023904e-06
-7.3270751021e-13
4.05000013958e-06
-4.53505588617e-13
4.0500000781e-06
-2.691715976e-13
4.05000004167e-06
-1.53214634216e-13
4.05000002097e-06
-8.33290038267e-14
4.05000000973e-06
-4.29188036172e-14
4.05000000397e-06
-2.05486842247e-14
4.05000000122e-06
-8.77043650399e-15
4.05000000007e-06
-2.95290863407e-15
4.0499999997e-06
-3.35355511085e-16
4.04999999968e-06
6.60757915296e-16
4.04999999979e-06
8.98389123635e-16
4.04999999993e-06
8.24873116945e-16
4.05000000006e-06
6.56424413858e-16
4.05000000017e-06
4.86847108977e-16
4.05000000026e-06
3.49133496215e-16
4.05000000033e-06
2.48518053205e-16
4.05000000038e-06
1.79564006603e-16
4.05000000042e-06
1.34013566071e-16
4.05000000045e-06
1.0434672774e-16
4.05000000048e-06
8.4631207625e-17
4.0500000005e-06
7.0736307449e-17
4.05000000052e-06
5.99332772307e-17
4.05000000053e-06
5.06890542481e-17
4.05000000054e-06
4.21429530479e-17
4.05000000054e-06
3.39397943477e-17
4.05000000054e-06
2.60093939233e-17
4.05000000053e-06
1.84906124359e-17
4.05000000052e-06
1.15856294415e-17
4.05000000051e-06
5.42451425697e-18
4.05000000049e-06
1.03805706903e-19
4.05000000048e-06
-4.49564311826e-18
4.05000000046e-06
-8.53264205738e-18
4.05000000044e-06
-1.24773098555e-17
4.05000000042e-06
-1.69060598312e-17
4.0500000004e-06
-2.2849003503e-17
4.05000000038e-06
-3.1551043804e-17
-4.32933605193e-17
3.47408080619e-06
9.80186717167e-09
3.47509283474e-06
4.96460747826e-09
3.47548776272e-06
2.14087248534e-09
3.47586630271e-06
2.01469236849e-09
3.47616075092e-06
9.73633348892e-10
3.47633489075e-06
5.36491607907e-10
3.47644015509e-06
2.94131724343e-10
3.47649800498e-06
1.47073314751e-10
3.47652792992e-06
7.13726704035e-11
3.47654244623e-06
3.15802249575e-11
3.47654872209e-06
1.16583562132e-11
3.47655091571e-06
2.54957481687e-12
3.47655126011e-06
-1.12418333278e-12
3.47655088866e-06
-2.19836329858e-12
3.47655033671e-06
-2.1562717097e-12
3.47654982635e-06
-1.73175482511e-12
3.47654942765e-06
-1.25350083048e-12
3.47654914399e-06
-8.47206254333e-13
3.47654895469e-06
-5.43410252713e-13
3.47654883455e-06
-3.3335786342e-13
3.47654876154e-06
-1.96168859705e-13
3.47654871899e-06
-1.10661605524e-13
3.47654869523e-06
-5.95701489861e-14
3.4765486826e-06
-3.02854077202e-14
3.47654867628e-06
-1.42309623111e-14
3.47654867339e-06
-5.87768001766e-15
3.47654867225e-06
-1.8183658864e-15
3.47654867196e-06
-3.92628414974e-17
3.47654867202e-06
6.00837342317e-16
3.47654867219e-06
7.19523310133e-16
3.47654867239e-06
6.32910555758e-16
3.47654867255e-06
4.91044258251e-16
3.47654867268e-06
3.57040971718e-16
3.47654867278e-06
2.51489673671e-16
3.47654867285e-06
1.76040206404e-16
3.47654867291e-06
1.25423117727e-16
3.47654867295e-06
9.28595671202e-17
3.47654867298e-06
7.24558086644e-17
3.47654867301e-06
5.96465405966e-17
3.47654867303e-06
5.12834731043e-17
3.47654867304e-06
4.53071734262e-17
3.47654867305e-06
4.05420945179e-17
3.47654867306e-06
3.63117087693e-17
3.47654867306e-06
3.23036430062e-17
3.47654867306e-06
2.84065676635e-17
3.47654867305e-06
2.4673732368e-17
3.47654867304e-06
2.11882385134e-17
3.47654867303e-06
1.79746707158e-17
3.47654867302e-06
1.50193636346e-17
3.476548673e-06
1.21480073768e-17
3.47654867298e-06
9.15400799781e-18
3.47654867296e-06
5.57430967271e-18
3.47654867294e-06
9.28949696354e-19
3.47654867293e-06
-5.92022026939e-18
3.47654867291e-06
-1.54663678269e-17
-2.95132725337e-17
2.82796940149e-06
1.05464346346e-08
2.82967993935e-06
3.25406962601e-09
2.83015135755e-06
1.66945427766e-09
2.83067796741e-06
1.48808250938e-09
2.83101531296e-06
6.36287801004e-10
2.83120347833e-06
3.48326243957e-10
2.83131260448e-06
1.85005568377e-10
2.83136988214e-06
8.97956543189e-11
2.8313985698e-06
4.26850096033e-11
2.83141194165e-06
1.82083777564e-11
2.83141736569e-06
6.23431628584e-12
2.83141899236e-06
9.22909900774e-13
2.83141898049e-06
-1.11231184873e-12
2.83141839559e-06
-1.61346240264e-12
2.83141772116e-06
-1.48184421464e-12
2.83141714353e-06
-1.15412595256e-12
2.83141670971e-06
-8.19680896078e-13
2.8314164089e-06
-5.46389842283e-13
2.831416212e-06
-3.46514545097e-13
2.83141608906e-06
-2.10411813581e-13
2.83141601547e-06
-1.22584609641e-13
2.83141597323e-06
-6.84155410753e-14
2.83141595003e-06
-3.6371304158e-14
2.83141593794e-06
-1.8193694178e-14
2.83141593205e-06
-8.34467002458e-15
2.83141592947e-06
-3.29470065831e-15
2.83141592855e-06
-8.91016318052e-16
2.83141592838e-06
1.26066654066e-16
2.83141592852e-06
4.62890210369e-16
2.83141592874e-06
4.97028268679e-16
2.83141592896e-06
4.1872445396e-16
2.83141592914e-06
3.16191647242e-16
2.83141592927e-06
2.25001559113e-16
2.83141592937e-06
1.55471394295e-16
2.83141592944e-06
1.07026810669e-16
2.83141592949e-06
7.54111051885e-17
2.83141592952e-06
5.58244396777e-17
2.83141592955e-06
4.4275870591e-17
2.83141592958e-06
3.77377428647e-17
2.83141592959e-06
3.4127021223e-17
2.83141592961e-06
3.20982768849e-17
2.83141592961e-06
3.08824579846e-17
2.83141592962e-06
3.0011884379e-17
2.83141592962e-06
2.92440900997e-17
2.83141592962e-06
2.84574583312e-17
2.83141592961e-06
2.76541448602e-17
2.83141592961e-06
2.68215591055e-17
2.8314159296e-06
2.59124801351e-17
2.83141592958e-06
2.48371177487e-17
2.83141592957e-06
2.33896193826e-17
2.83141592955e-06
2.13493573157e-17
2.83141592954e-06
1.82773086256e-17
2.83141592952e-06
1.38128664899e-17
2.83141592951e-06
6.81936266672e-18
2.83141592949e-06
-2.53548505566e-18
-1.72040070686e-17
2.11068290558e-06
1.01739503411e-08
2.11283019586e-06
1.10677934602e-09
2.11330792191e-06
1.19172822457e-09
2.11393104594e-06
8.64958482978e-10
2.11425147149e-06
3.15862253944e-10
2.11442328847e-06
1.76509258975e-10
2.11451895919e-06
8.93348494441e-11
2.11456683761e-06
4.19172341484e-11
2.11459006552e-06
1.94571042443e-11
2.11460039711e-06
7.87678671948e-12
2.11460424481e-06
2.38661180628e-12
2.11460511989e-06
4.78340158982e-14
2.11460478904e-06
-7.81464444266e-13
2.11460409833e-06
-9.22748263771e-13
2.11460341308e-06
-7.96595334622e-13
2.11460285999e-06
-6.01030470997e-13
2.11460245844e-06
-4.18126880743e-13
2.11460218646e-06
-2.74406433749e-13
2.1146020117e-06
-1.71756800135e-13
2.11460190433e-06
-1.03039426506e-13
2.11460184105e-06
-5.93048807966e-14
2.1146018053e-06
-3.26621563375e-14
2.11460178602e-06
-1.70901916697e-14
2.1146017762e-06
-8.36893282593e-15
2.11460177157e-06
-3.71309594775e-15
2.11460176965e-06
-1.37098153232e-15
2.11460176905e-06
-2.87085852701e-16
2.11460176903e-06
1.48765511399e-16
2.11460176922e-06
2.74263461699e-16
2.11460176945e-06
2.67110739807e-16
2.11460176966e-06
2.15015243806e-16
2.11460176982e-06
1.5736125237e-16
2.11460176994e-06
1.09049693765e-16
2.11460177002e-06
7.35702754369e-17
2.11460177008e-06
4.96897658407e-17
2.11460177012e-06
3.47673418625e-17
2.11460177015e-06
2.61469159078e-17
2.11460177018e-06
2.17168342488e-17
2.11460177019e-06
1.98962023759e-17
2.11460177021e-06
1.96019786411e-17
2.11460177022e-06
2.01398866728e-17
2.11460177022e-06
2.11114127954e-17
2.11460177023e-06
2.22545353157e-17
2.11460177023e-06
2.34092604895e-17
2.11460177023e-06
2.44725465386e-17
2.11460177022e-06
2.54164132895e-17
2.11460177022e-06
2.61793978829e-17
2.11460177021e-06
2.66823998135e-17
2.1146017702e-06
2.68039092113e-17
2.11460177019e-06
2.63525130996e-17
2.11460177018e-06
2.51356372916e-17
2.11460177016e-06
2.27919409239e-17
2.11460177015e-06
1.91059569279e-17
2.11460177014e-06
1.30649653617e-17
2.11460177013e-06
5.39395214048e-18
-7.32876254628e-18
1.32306563275e-06
7.17483644166e-09
1.32447337202e-06
-3.00959929707e-10
1.32504645789e-06
6.1864235763e-10
1.32563248579e-06
2.78930579132e-10
1.32586363788e-06
8.47101660927e-11
1.32598896698e-06
5.11801630558e-11
1.32605475257e-06
2.3549260427e-11
1.3260860486e-06
1.06211976971e-11
1.32610073943e-06
4.76627620972e-12
1.32610686535e-06
1.75087488762e-12
1.32610885474e-06
3.97214594148e-13
1.32610904477e-06
-1.42189913325e-13
1.32610856858e-06
-3.05275180551e-13
1.3261079498e-06
-3.03968269398e-13
1.32610739891e-06
-2.45697826273e-13
1.32610697649e-06
-1.78605866935e-13
1.32610667946e-06
-1.2110215036e-13
1.32610648295e-06
-7.78886151858e-14
1.3261063591e-06
-4.79035663616e-14
1.32610628433e-06
-2.82624505956e-14
1.32610624101e-06
-1.59887660716e-14
1.32610621699e-06
-8.63691522711e-15
1.32610620432e-06
-4.41218934539e-15
1.32610619805e-06
-2.08954062024e-15
1.32610619521e-06
-8.76884779008e-16
1.32610619413e-06
-2.84824357755e-16
1.32610619387e-06
-2.33633759617e-17
1.32610619396e-06
7.22887441936e-17
1.32610619414e-06
9.16020379626e-17
1.32610619433e-06
8.05546972839e-17
1.32610619449e-06
6.11147533637e-17
1.32610619461e-06
4.2618560556e-17
1.3261061947e-06
2.81868173719e-17
1.32610619475e-06
1.81817448908e-17
1.3261061948e-06
1.18975704523e-17
1.32610619482e-06
8.39570797077e-18
1.32610619484e-06
6.82359728425e-18
1.32610619486e-06
6.54216303361e-18
1.32610619487e-06
7.07609616969e-18
1.32610619488e-06
8.08993412939e-18
1.32610619488e-06
9.37025317416e-18
1.32610619489e-06
1.08040761254e-17
1.32610619489e-06
1.2283032052e-17
1.32610619489e-06
1.37324072274e-17
1.32610619489e-06
1.51002167314e-17
1.32610619489e-06
1.63481848145e-17
1.32610619488e-06
1.74224942149e-17
1.32610619488e-06
1.82562114796e-17
1.32610619487e-06
1.876160559e-17
1.32610619486e-06
1.88189486327e-17
1.32610619486e-06
1.82963869709e-17
1.32610619485e-06
1.69927509731e-17
1.32610619484e-06
1.48164900963e-17
1.32610619483e-06
1.114948587e-17
1.32610619482e-06
6.68314837881e-18
-8.02646040645e-19
4.65157098082e-07
4.64856138153e-07
4.65474780511e-07
4.6575371109e-07
4.65838421256e-07
4.6588960142e-07
4.65913150681e-07
4.6592377188e-07
4.65928538157e-07
4.65930289033e-07
4.6593068625e-07
4.65930544062e-07
4.65930238789e-07
4.65929934823e-07
4.65929689129e-07
4.65929510526e-07
4.65929389428e-07
4.65929311544e-07
4.65929263645e-07
4.65929235388e-07
4.65929219405e-07
4.65929210774e-07
4.65929206369e-07
4.65929204286e-07
4.65929203416e-07
4.65929203139e-07
4.65929203123e-07
4.65929203202e-07
4.65929203301e-07
4.65929203389e-07
4.65929203456e-07
4.65929203505e-07
4.65929203538e-07
4.6592920356e-07
4.65929203575e-07
4.65929203585e-07
4.65929203592e-07
4.65929203597e-07
4.65929203601e-07
4.65929203604e-07
4.65929203606e-07
4.65929203608e-07
4.65929203609e-07
4.65929203609e-07
4.65929203608e-07
4.65929203608e-07
4.65929203606e-07
4.65929203604e-07
4.65929203602e-07
4.65929203599e-07
4.65929203596e-07
4.65929203593e-07
4.6592920359e-07
4.65929203587e-07
4.65929203584e-07
)
;

boundaryField
{
    inlet
    {
        type            calculated;
        value           nonuniform List<scalar> 
26
(
-4.57982261641e-07
-1.32006651885e-06
-2.11031042129e-06
-2.82871396896e-06
-3.47527716186e-06
-4.05e-06
-4.55288248337e-06
-4.98392461197e-06
-5.34312638581e-06
-5.63048780488e-06
-5.84600886918e-06
-5.98968957871e-06
-6.06152993348e-06
-6.06152993348e-06
-5.98968957871e-06
-5.84600886918e-06
-5.63048780488e-06
-5.34312638581e-06
-4.98392461197e-06
-4.55288248337e-06
-4.05e-06
-3.47527716186e-06
-2.82871396896e-06
-2.11031042129e-06
-1.32006651885e-06
-4.57982261641e-07
)
;
    }
    outlet
    {
        type            calculated;
        value           nonuniform List<scalar> 
26
(
4.65929203496e-07
1.32610619456e-06
2.1146017697e-06
2.83141592892e-06
3.47654867223e-06
4.04999999963e-06
4.55176991113e-06
4.98185840671e-06
5.34026548639e-06
5.62699115016e-06
5.84203539801e-06
5.98539822996e-06
6.05707964598e-06
6.05707964607e-06
5.98539823023e-06
5.84203539845e-06
5.62699115073e-06
5.34026548707e-06
4.98185840745e-06
4.55176991188e-06
4.05000000036e-06
3.47654867289e-06
2.83141592948e-06
2.11460177011e-06
1.32610619481e-06
4.65929203578e-07
)
;
    }
    walls
    {
        type            calculated;
        value           uniform 0;
    }
    frontAndBack
    {
        type            empty;
        value           nonuniform 0();
    }
}


// ************************************************************************* //
