/*--------------------------------*- C++ -*----------------------------------*\
| =========                 |                                                 |
| \\      /  F ield         | OpenFOAM: The Open Source CFD Toolbox           |
|  \\    /   O peration     | Version:                                        |
|   \\  /    A nd           | Website:  www.openfoam.com                      |
|    \\/     M anipulation  |                                                 |
\*---------------------------------------------------------------------------*/
FoamFile
{
    version     2.0;
    format      ascii;
    class       volVectorField;
    location    "450";
    object      U;
}
// * * * * * * * * * * * * * * * * * * * * * * * * * * * * * * * * * * * * * //

dimensions      [0 1 -1 0 0 0 0];


internalField   nonuniform List<vector> 
1456
(
(0.00500086337931 -7.70420195233e-06 0)
(0.00520456398114 7.41542110404e-06 0)
(0.00516195060288 -2.25631771321e-06 0)
(0.00517468405167 -7.61209051812e-08 0)
(0.005175779575 -4.86335259373e-08 0)
(0.00517629344103 -4.69054680136e-08 0)
(0.0051767395929 -1.18441480684e-08 0)
(0.00517689314656 -5.53304631489e-09 0)
(0.00517696792101 -2.07534354322e-09 0)
(0.00517699905901 -2.92864734714e-10 0)
(0.00517700779835 2.81035002711e-10 0)
(0.0051770077547 4.34185823692e-10 0)
(0.00517700458705 4.07766790689e-10 0)
(0.00517700091371 3.19697634898e-10 0)
(0.00517699777011 2.28304341537e-10 0)
(0.00517699540796 1.52912577639e-10 0)
(0.00517699376877 9.73673118978e-11 0)
(0.00517699269514 5.93595142483e-11 0)
(0.00517699202422 3.47255870278e-11 0)
(0.00517699162232 1.94692966011e-11 0)
(0.00517699139135 1.04077940825e-11 0)
(0.00517699126435 5.24530414551e-12 0)
(0.00517699119803 2.43430047302e-12 0)
(0.00517699116563 9.83988057829e-13 0)
(0.00517699115132 2.87498904533e-13 0)
(0.00517699114607 -1.17663527885e-14 0)
(0.00517699114501 -1.14681237352e-13 0)
(0.0051769911456 -1.29189269827e-13 0)
(0.00517699114667 -1.10064550694e-13 0)
(0.00517699114768 -8.297820601e-14 0)
(0.00517699114848 -5.8495624724e-14 0)
(0.00517699114904 -3.9829633715e-14 0)
(0.00517699114941 -2.70526331624e-14 0)
(0.00517699114963 -1.90324567749e-14 0)
(0.00517699114974 -1.45293866008e-14 0)
(0.0051769911498 -1.23622840485e-14 0)
(0.00517699114981 -1.17638794665e-14 0)
(0.0051769911498 -1.20783968987e-14 0)
(0.00517699114978 -1.301062399e-14 0)
(0.00517699114976 -1.41923727208e-14 0)
(0.00517699114974 -1.56111570266e-14 0)
(0.00517699114972 -1.7029727778e-14 0)
(0.00517699114971 -1.85617103218e-14 0)
(0.0051769911497 -1.99811352301e-14 0)
(0.0051769911497 -2.14250669825e-14 0)
(0.00517699114971 -2.26452631833e-14 0)
(0.00517699114972 -2.3784144723e-14 0)
(0.00517699114973 -2.44991432368e-14 0)
(0.00517699114975 -2.48664349798e-14 0)
(0.00517699114977 -2.45402849934e-14 0)
(0.0051769911498 -2.34482861494e-14 0)
(0.00517699114982 -2.14598014892e-14 0)
(0.00517699114985 -1.80141722985e-14 0)
(0.00517699114987 -1.45249307074e-14 0)
(0.00517699114988 -7.40916731601e-15 0)
(0.00517699114994 -8.88352123987e-15 0)
(0.0144268670211 -4.12724611996e-05 0)
(0.0147809934267 -2.26479216765e-06 0)
(0.0147081626386 -3.8092117793e-06 0)
(0.0147276036959 -2.50536841419e-06 0)
(0.0147312671753 -7.74567321216e-07 0)
(0.0147325903337 -4.46449756745e-07 0)
(0.0147337164511 -2.15868559057e-07 0)
(0.0147341764377 -9.74115693948e-08 0)
(0.0147344010128 -4.4104868728e-08 0)
(0.0147345027371 -1.67128850245e-08 0)
(0.0147345390206 -4.17186763886e-09 0)
(0.0147345468759 9.07802603993e-10 0)
(0.0147345432552 2.52251296228e-09 0)
(0.0147345362662 2.6059203304e-09 0)
(0.0147345294437 2.13917025832e-09 0)
(0.0147345239741 1.56923041095e-09 0)
(0.0147345200184 1.07086353314e-09 0)
(0.0147345173466 6.9228365712e-10 0)
(0.0147345156335 4.27703277978e-10 0)
(0.014734514583 2.53438352787e-10 0)
(0.0147345139649 1.44027167413e-10 0)
(0.0147345136164 7.82019376384e-11 0)
(0.0147345134287 4.02063181316e-11 0)
(0.0147345133333 1.92140015131e-11 0)
(0.0147345132885 8.18818285922e-12 0)
(0.0147345132699 2.76120032575e-12 0)
(0.014734513264 3.33629800831e-13 0)
(0.0147345132638 -5.78435927367e-13 0)
(0.0147345132655 -7.84759653661e-13 0)
(0.0147345132675 -7.04231864131e-13 0)
(0.0147345132693 -5.3880581501e-13 0)
(0.0147345132706 -3.7566004757e-13 0)
(0.0147345132715 -2.45243638751e-13 0)
(0.014734513272 -1.52083419384e-13 0)
(0.0147345132723 -9.0931043856e-14 0)
(0.0147345132725 -5.38336825608e-14 0)
(0.0147345132725 -3.37337124606e-14 0)
(0.0147345132725 -2.48416394406e-14 0)
(0.0147345132724 -2.33131608496e-14 0)
(0.0147345132723 -2.61793616915e-14 0)
(0.0147345132723 -3.19169284704e-14 0)
(0.0147345132722 -3.90956371544e-14 0)
(0.0147345132722 -4.73020615196e-14 0)
(0.0147345132722 -5.5614765765e-14 0)
(0.0147345132722 -6.39785928999e-14 0)
(0.0147345132722 -7.16032835033e-14 0)
(0.0147345132722 -7.85379729783e-14 0)
(0.0147345132723 -8.38352460732e-14 0)
(0.0147345132723 -8.74277192463e-14 0)
(0.0147345132724 -8.83800619471e-14 0)
(0.0147345132725 -8.64217347771e-14 0)
(0.0147345132725 -8.1053733595e-14 0)
(0.0147345132726 -7.1452522526e-14 0)
(0.0147345132727 -5.99417200354e-14 0)
(0.0147345132727 -4.28666945543e-14 0)
(0.0147345132729 -4.43287140192e-14 0)
(0.0231558885189 -4.95942065508e-05 0)
(0.023547023089 -1.02659394192e-05 0)
(0.0234665670121 -6.25624155462e-06 0)
(0.0234855402906 -5.26648336843e-06 0)
(0.0234909620512 -2.0576532322e-06 0)
(0.0234927339933 -1.12677376207e-06 0)
(0.0234943085489 -5.84275130519e-07 0)
(0.0234950120101 -2.77249465388e-07 0)
(0.0234953607517 -1.29761912416e-07 0)
(0.0234955270793 -5.36708049464e-08 0)
(0.0234955928947 -1.71147540215e-08 0)
(0.0234956125908 -1.30160445452e-09 0)
(0.0234956124254 4.4860127994e-09 0)
(0.0234956052675 5.65768392183e-09 0)
(0.023495597043 4.9908912177e-09 0)
(0.0234955900061 3.80886549491e-09 0)
(0.0234955847228 2.66988027424e-09 0)
(0.0234955810602 1.76231787336e-09 0)
(0.0234955786631 1.10849860743e-09 0)
(0.0234955771663 6.68054501511e-10 0)
(0.0234955762704 3.86294279522e-10 0)
(0.0234955757559 2.13852899852e-10 0)
(0.0234955754733 1.12608217811e-10 0)
(0.0234955753259 5.56316292145e-11 0)
(0.023495575254 2.50449266616e-11 0)
(0.0234955752223 9.54829419516e-12 0)
(0.0234955752107 2.30167417603e-12 0)
(0.0234955752083 -6.67494469199e-13 0)
(0.0234955752096 -1.56886460574e-12 0)
(0.0234955752119 -1.57243082121e-12 0)
(0.0234955752141 -1.26051264122e-12 0)
(0.0234955752158 -8.98029526478e-13 0)
(0.023495575217 -5.8822364006e-13 0)
(0.0234955752177 -3.57674956002e-13 0)
(0.0234955752181 -2.01170850678e-13 0)
(0.0234955752182 -1.03051380837e-13 0)
(0.0234955752183 -4.72931591281e-14 0)
(0.0234955752182 -2.03618711878e-14 0)
(0.0234955752181 -1.25737555351e-14 0)
(0.023495575218 -1.67717057028e-14 0)
(0.0234955752179 -2.86654448089e-14 0)
(0.0234955752179 -4.49092515435e-14 0)
(0.0234955752178 -6.3866163413e-14 0)
(0.0234955752178 -8.36324254112e-14 0)
(0.0234955752178 -1.035425586e-13 0)
(0.0234955752178 -1.22138031785e-13 0)
(0.0234955752178 -1.39042219242e-13 0)
(0.0234955752179 -1.52732671182e-13 0)
(0.023495575218 -1.62761519803e-13 0)
(0.0234955752181 -1.67680584557e-13 0)
(0.0234955752182 -1.66958497465e-13 0)
(0.0234955752184 -1.59848108419e-13 0)
(0.0234955752185 -1.45472743794e-13 0)
(0.0234955752186 -1.26623562189e-13 0)
(0.0234955752187 -1.0027177531e-13 0)
(0.0234955752189 -9.59161189061e-14 0)
(0.0311261358011 -4.6733949571e-05 0)
(0.0315130514045 -1.88211983751e-05 0)
(0.0314331791839 -8.54484298332e-06 0)
(0.0314487868713 -7.89911582651e-06 0)
(0.0314550872271 -3.59491144221e-06 0)
(0.0314568511376 -1.9626665698e-06 0)
(0.0314586132438 -1.05828874396e-06 0)
(0.0314594539863 -5.20198037864e-07 0)
(0.0314598768452 -2.4933390855e-07 0)
(0.031460087919 -1.08115185729e-07 0)
(0.0314601772908 -3.83143121087e-08 0)
(0.0314602085213 -6.94233746229e-09 0)
(0.0314602135533 5.35854879207e-09 0)
(0.0314602083376 8.64910731846e-09 0)
(0.0314602005458 8.15517198709e-09 0)
(0.0314601933311 6.43229875927e-09 0)
(0.0314601876892 4.60468692086e-09 0)
(0.0314601836729 3.08739005932e-09 0)
(0.0314601809912 1.96745628248e-09 0)
(0.0314601792882 1.19994569383e-09 0)
(0.0314601782529 7.0214532176e-10 0)
(0.031460177649 3.93747037887e-10 0)
(0.0314601773115 2.10534128122e-10 0)
(0.0314601771318 1.06145947303e-10 0)
(0.0314601770416 4.93065033406e-11 0)
(0.031460177 1.99851877845e-11 0)
(0.0314601769834 5.9108903318e-12 0)
(0.0314601769786 -1.28016817759e-13 0)
(0.0314601769789 -2.19416287465e-12 0)
(0.0314601769809 -2.47120650775e-12 0)
(0.031460176983 -2.06743473775e-12 0)
(0.0314601769847 -1.5024242834e-12 0)
(0.0314601769859 -9.90327276813e-13 0)
(0.0314601769867 -5.97042821207e-13 0)
(0.0314601769871 -3.24055786342e-13 0)
(0.0314601769873 -1.49666728037e-13 0)
(0.0314601769873 -4.84522760127e-14 0)
(0.0314601769872 1.91295303036e-15 0)
(0.031460176987 1.80996607942e-14 0)
(0.0314601769869 1.23472897659e-14 0)
(0.0314601769868 -7.529814658e-15 0)
(0.0314601769867 -3.57595282852e-14 0)
(0.0314601769866 -6.90423067213e-14 0)
(0.0314601769866 -1.04250451285e-13 0)
(0.0314601769866 -1.398010088e-13 0)
(0.0314601769866 -1.73434974158e-13 0)
(0.0314601769867 -2.04122867916e-13 0)
(0.0314601769868 -2.29718130379e-13 0)
(0.0314601769869 -2.4925299622e-13 0)
(0.031460176987 -2.60792091905e-13 0)
(0.0314601769872 -2.63505629495e-13 0)
(0.0314601769874 -2.56366883959e-13 0)
(0.0314601769875 -2.38686642362e-13 0)
(0.0314601769877 -2.1282994345e-13 0)
(0.0314601769878 -1.77661390793e-13 0)
(0.031460176988 -1.59293814212e-13 0)
(0.0383125141261 -4.13304328643e-05 0)
(0.0386834081362 -2.49911430314e-05 0)
(0.0386061730997 -1.05699006265e-05 0)
(0.0386172178261 -9.96048282374e-06 0)
(0.0386236743119 -5.05813565968e-06 0)
(0.0386250060277 -2.80198087705e-06 0)
(0.0386266899252 -1.55444653136e-06 0)
(0.0386275411264 -7.86661646919e-07 0)
(0.0386279729839 -3.84865722346e-07 0)
(0.0386281988555 -1.72570201014e-07 0)
(0.0386282996066 -6.53455047288e-08 0)
(0.0386283384736 -1.57635568256e-08 0)
(0.0386283484605 4.59378549079e-09 0)
(0.0386283462558 1.08604185888e-08 0)
(0.0386283402181 1.09892870722e-08 0)
(0.0386283339846 8.94613172588e-09 0)
(0.0386283288654 6.52809502245e-09 0)
(0.0386283251117 4.43765427996e-09 0)
(0.0386283225514 2.85963594448e-09 0)
(0.0386283208973 1.76155182064e-09 0)
(0.038628319876 1.04082621746e-09 0)
(0.0386283192713 5.89711731424e-10 0)
(0.0386283189279 3.19102100733e-10 0)
(0.0386283187416 1.63374214647e-10 0)
(0.0386283186458 7.76283729894e-11 0)
(0.0386283186001 3.27814601087e-11 0)
(0.0386283185806 1.08370839799e-11 0)
(0.0386283185739 1.11592624601e-12 0)
(0.038628318573 -2.45970091971e-12 0)
(0.0386283185743 -3.1950362306e-12 0)
(0.0386283185759 -2.79272087045e-12 0)
(0.0386283185774 -2.06851519494e-12 0)
(0.0386283185785 -1.37158728094e-12 0)
(0.0386283185791 -8.20703646876e-13 0)
(0.0386283185794 -4.31199318047e-13 0)
(0.0386283185795 -1.78959454178e-13 0)
(0.0386283185795 -3.0796421704e-14 0)
(0.0386283185794 4.37207291975e-14 0)
(0.0386283185792 6.81218968411e-14 0)
(0.0386283185791 5.97453443361e-14 0)
(0.0386283185789 3.01279855479e-14 0)
(0.0386283185788 -1.24335258868e-14 0)
(0.0386283185787 -6.27729353819e-14 0)
(0.0386283185786 -1.16431326692e-13 0)
(0.0386283185786 -1.70723138034e-13 0)
(0.0386283185787 -2.22511836963e-13 0)
(0.0386283185788 -2.69974063243e-13 0)
(0.0386283185789 -3.10278147633e-13 0)
(0.038628318579 -3.41877616794e-13 0)
(0.0386283185792 -3.62359876712e-13 0)
(0.0386283185794 -3.70587417093e-13 0)
(0.0386283185796 -3.65206159552e-13 0)
(0.0386283185798 -3.45776719517e-13 0)
(0.03862831858 -3.13582498524e-13 0)
(0.0386283185801 -2.69509974068e-13 0)
(0.0386283185804 -2.31181559143e-13 0)
(0.0447052898508 -3.53908950728e-05 0)
(0.0450590821052 -2.79560942228e-05 0)
(0.044984447358 -1.20482077047e-05 0)
(0.0449905543969 -1.12833300214e-05 0)
(0.0449966283498 -6.21525641674e-06 0)
(0.044997195925 -3.51354737755e-06 0)
(0.044998560392 -1.99487121569e-06 0)
(0.0449992937684 -1.03492249722e-06 0)
(0.0449996645079 -5.15570336274e-07 0)
(0.0449998699595 -2.37248598669e-07 0)
(0.0449999660308 -9.41425446208e-08 0)
(0.0450000060661 -2.64535686803e-08 0)
(0.0450000191639 2.29733308257e-09 0)
(0.0450000200927 1.1955348686e-08 0)
(0.0450000165944 1.30666262451e-08 0)
(0.0450000122115 1.09733149421e-08 0)
(0.0450000083482 8.1521610891e-09 0)
(0.045000005403 5.61121504896e-09 0)
(0.0450000033406 3.65175323489e-09 0)
(0.0450000019805 2.26903264834e-09 0)
(0.0450000011258 1.35180874743e-09 0)
(0.0450000006112 7.72530065164e-10 0)
(0.0450000003139 4.22138197119e-10 0)
(0.0450000001494 2.18800304183e-10 0)
(0.0450000000629 1.05803872471e-10 0)
(0.0450000000201 4.60437939567e-11 0)
(0.0450000000009 1.63588861675e-11 0)
(0.0449999999934 2.89092717057e-12 0)
(0.0449999999915 -2.31447115134e-12 0)
(0.0449999999919 -3.6249308462e-12 0)
(0.0449999999929 -3.31733892947e-12 0)
(0.0449999999938 -2.50106352822e-12 0)
(0.0449999999945 -1.66446380069e-12 0)
(0.044999999995 -9.84844492266e-13 0)
(0.0449999999952 -4.96557084766e-13 0)
(0.0449999999952 -1.77081816601e-13 0)
(0.0449999999951 1.17258999543e-14 0)
(0.0449999999949 1.06511587912e-13 0)
(0.0449999999947 1.3649210559e-13 0)
(0.0449999999945 1.2340151919e-13 0)
(0.0449999999943 8.21315253605e-14 0)
(0.0449999999942 2.33125573261e-14 0)
(0.0449999999941 -4.60841079774e-14 0)
(0.044999999994 -1.20276001576e-13 0)
(0.044999999994 -1.95398752245e-13 0)
(0.0449999999941 -2.67421689616e-13 0)
(0.0449999999942 -3.33653938069e-13 0)
(0.0449999999943 -3.90578993032e-13 0)
(0.0449999999945 -4.36017216015e-13 0)
(0.0449999999946 -4.67092559108e-13 0)
(0.0449999999948 -4.82371644502e-13 0)
(0.0449999999951 -4.80218259603e-13 0)
(0.0449999999953 -4.60364394688e-13 0)
(0.0449999999955 -4.22677419382e-13 0)
(0.0449999999957 -3.69776871182e-13 0)
(0.0449999999959 -3.0821948149e-13 0)
(0.0503005991328 -2.94570747951e-05 0)
(0.0506396375924 -2.81384260553e-05 0)
(0.0505671789657 -1.27377654883e-05 0)
(0.0505684426814 -1.18096403964e-05 0)
(0.0505737701573 -6.91882953778e-06 0)
(0.0505733555564 -3.99420841354e-06 0)
(0.0505742092198 -2.31260627872e-06 0)
(0.0505747119901 -1.22547022158e-06 0)
(0.0505749565516 -6.20255341694e-07 0)
(0.0505751065663 -2.91399624591e-07 0)
(0.0505751808058 -1.19728494357e-07 0)
(0.0505752143161 -3.70159895865e-08 0)
(0.0505752276609 -9.58085155534e-10 0)
(0.0505752311054 1.18974083053e-08 0)
(0.0505752304329 1.41440313239e-08 0)
(0.0505752284504 1.22444918624e-08 0)
(0.0505752263808 9.24957842059e-09 0)
(0.0505752246753 6.43877973731e-09 0)
(0.0505752234224 4.2270931939e-09 0)
(0.0505752225667 2.64633974803e-09 0)
(0.0505752220134 1.58779304607e-09 0)
(0.0505752216715 9.13996661472e-10 0)
(0.0505752214688 5.03508754319e-10 0)
(0.0505752213536 2.63599186332e-10 0)
(0.050575221291 1.29253139682e-10 0)
(0.0505752212587 5.75537630175e-11 0)
(0.0505752212431 2.15082461517e-11 0)
(0.0505752212364 4.85104007419e-12 0)
(0.0505752212339 -1.82146184313e-12 0)
(0.0505752212334 -3.71394712372e-12 0)
(0.0505752212336 -3.56611935628e-12 0)
(0.0505752212339 -2.73080157436e-12 0)
(0.0505752212341 -1.81636678264e-12 0)
(0.0505752212343 -1.05411696515e-12 0)
(0.0505752212342 -4.98827628979e-13 0)
(0.0505752212341 -1.32857585271e-13 0)
(0.0505752212339 8.3636359986e-14 0)
(0.0505752212337 1.90820590949e-13 0)
(0.0505752212335 2.21702597344e-13 0)
(0.0505752212333 2.01063005332e-13 0)
(0.0505752212331 1.4634468547e-13 0)
(0.0505752212329 6.99652888541e-14 0)
(0.0505752212328 -1.95342778782e-14 0)
(0.0505752212328 -1.15227067027e-13 0)
(0.0505752212328 -2.12091658667e-13 0)
(0.0505752212328 -3.05271065983e-13 0)
(0.0505752212329 -3.91170316734e-13 0)
(0.050575221233 -4.65640742748e-13 0)
(0.0505752212332 -5.25848512283e-13 0)
(0.0505752212334 -5.68492289985e-13 0)
(0.0505752212336 -5.91859643717e-13 0)
(0.0505752212338 -5.94090292237e-13 0)
(0.0505752212341 -5.75055074333e-13 0)
(0.0505752212343 -5.3301341464e-13 0)
(0.0505752212345 -4.72157971521e-13 0)
(0.0505752212347 -3.86538701499e-13 0)
(0.0550969693022 -2.38495499851e-05 0)
(0.0554242962966 -2.62384610754e-05 0)
(0.0553536714904 -1.25411922124e-05 0)
(0.0553504883443 -1.15428414022e-05 0)
(0.055354866283 -7.09109284915e-06 0)
(0.0553533676887 -4.17428177713e-06 0)
(0.0553535866945 -2.45725029242e-06 0)
(0.0553537756826 -1.32567168421e-06 0)
(0.0553538432645 -6.80211814395e-07 0)
(0.0553539085429 -3.24958602254e-07 0)
(0.0553539456897 -1.37106339592e-07 0)
(0.0553539652876 -4.52201506391e-08 0)
(0.0553539757154 -4.34330051404e-09 0)
(0.0553539806145 1.08632130375e-08 0)
(0.055353982647 1.4135006362e-08 0)
(0.0553539832982 1.25972618304e-08 0)
(0.0553539833354 9.66220719059e-09 0)
(0.0553539831511 6.79381361161e-09 0)
(0.0553539829244 4.49430280721e-09 0)
(0.0553539827259 2.83185790572e-09 0)
(0.0553539825752 1.70933052358e-09 0)
(0.0553539824698 9.89952737109e-10 0)
(0.0553539824004 5.49020524352e-10 0)
(0.0553539823568 2.89777191479e-10 0)
(0.0553539823306 1.43679808634e-10 0)
(0.0553539823153 6.51298696937e-11 0)
(0.0553539823068 2.52602306845e-11 0)
(0.0553539823022 6.57110566483e-12 0)
(0.0553539822998 -1.11583030299e-12 0)
(0.0553539822985 -3.47131869594e-12 0)
(0.0553539822979 -3.50404270675e-12 0)
(0.0553539822975 -2.71555354109e-12 0)
(0.0553539822972 -1.79239736762e-12 0)
(0.0553539822969 -1.00451500455e-12 0)
(0.0553539822967 -4.24024499748e-13 0)
(0.0553539822964 -3.99543144297e-14 0)
(0.0553539822961 1.86024927056e-13 0)
(0.0553539822959 2.94557133859e-13 0)
(0.0553539822956 3.19993905875e-13 0)
(0.0553539822954 2.88425665866e-13 0)
(0.0553539822952 2.1865269684e-13 0)
(0.0553539822951 1.24126601075e-13 0)
(0.055353982295 1.4488026515e-14 0)
(0.0553539822949 -1.02468676704e-13 0)
(0.0553539822949 -2.20727954033e-13 0)
(0.0553539822949 -3.34692786051e-13 0)
(0.055353982295 -4.3993328459e-13 0)
(0.0553539822951 -5.31718785163e-13 0)
(0.0553539822953 -6.0657802187e-13 0)
(0.0553539822955 -6.60883069668e-13 0)
(0.0553539822957 -6.92682450289e-13 0)
(0.0553539822959 -6.99885472051e-13 0)
(0.0553539822961 -6.82556314667e-13 0)
(0.0553539822964 -6.37368119994e-13 0)
(0.0553539822965 -5.70049886942e-13 0)
(0.0553539822968 -4.6165612934e-13 0)
(0.0590939272948 -1.87046127173e-05 0)
(0.0594123550649 -2.28800613802e-05 0)
(0.0593433191313 -1.14919926571e-05 0)
(0.0593362858226 -1.05380942663e-05 0)
(0.0593396555228 -6.71509505041e-06 0)
(0.0593370792246 -4.02088743169e-06 0)
(0.0593366158272 -2.39977104599e-06 0)
(0.059336447344 -1.31400660371e-06 0)
(0.0593363086478 -6.82021491435e-07 0)
(0.0593362703794 -3.30215253339e-07 0)
(0.0593362598114 -1.42178103667e-07 0)
(0.0593362599017 -4.90703351088e-08 0)
(0.0593362646942 -6.99251075827e-09 0)
(0.0593362698809 9.1528077446e-09 0)
(0.0593362742206 1.30829244753e-08 0)
(0.0593362774542 1.19765556604e-08 0)
(0.0593362796784 9.31090820435e-09 0)
(0.0593362811262 6.60381517817e-09 0)
(0.0593362820263 4.39702332338e-09 0)
(0.0593362825629 2.78562647888e-09 0)
(0.0593362828697 1.68982400724e-09 0)
(0.0593362830374 9.83554613874e-10 0)
(0.0593362831244 5.48459193553e-10 0)
(0.0593362831664 2.91390626193e-10 0)
(0.0593362831845 1.45769764005e-10 0)
(0.0593362831908 6.70107523314e-11 0)
(0.0593362831917 2.67325104094e-11 0)
(0.0593362831905 7.64384403626e-12 0)
(0.0593362831886 -3.62217722705e-13 0)
(0.0593362831869 -2.94688035861e-12 0)
(0.0593362831855 -3.13293530889e-12 0)
(0.0593362831844 -2.44174956219e-12 0)
(0.0593362831836 -1.57792335446e-12 0)
(0.0593362831829 -8.25538857205e-13 0)
(0.0593362831824 -2.66712065895e-13 0)
(0.059336283182 1.02762587875e-13 0)
(0.0593362831816 3.17018784802e-13 0)
(0.0593362831813 4.14083130306e-13 0)
(0.0593362831811 4.26980707622e-13 0)
(0.0593362831808 3.8112464329e-13 0)
(0.0593362831807 2.95262083866e-13 0)
(0.0593362831805 1.82928197177e-13 0)
(0.0593362831804 5.43184351994e-14 0)
(0.0593362831804 -8.23338158286e-14 0)
(0.0593362831804 -2.20244242937e-13 0)
(0.0593362831804 -3.5325829771e-13 0)
(0.0593362831805 -4.76202272609e-13 0)
(0.0593362831806 -5.83853992152e-13 0)
(0.0593362831807 -6.72206949134e-13 0)
(0.0593362831809 -7.37370624817e-13 0)
(0.0593362831811 -7.77211108527e-13 0)
(0.0593362831813 -7.89514609509e-13 0)
(0.0593362831815 -7.74546386083e-13 0)
(0.0593362831817 -7.27626775241e-13 0)
(0.0593362831819 -6.56093039407e-13 0)
(0.0593362831821 -5.28622132486e-13 0)
(0.0622913880229 -1.40200624638e-05 0)
(0.0626032875653 -1.85488164749e-05 0)
(0.0625356155889 -9.70677383457e-06 0)
(0.0625254489402 -8.89179696428e-06 0)
(0.0625278740936 -5.82540548267e-06 0)
(0.0625243205341 -3.53756954902e-06 0)
(0.0625232030238 -2.13474008225e-06 0)
(0.0625226775399 -1.18279005482e-06 0)
(0.062522329092 -6.19636965441e-07 0)
(0.0625221822255 -3.03155836671e-07 0)
(0.0625221200107 -1.32531327305e-07 0)
(0.0625220979718 -4.72303414861e-08 0)
(0.0625220954903 -8.2156317353e-09 0)
(0.0625221000065 7.09362320322e-09 0)
(0.0625221061195 1.11244436664e-08 0)
(0.0625221116525 1.04259285784e-08 0)
(0.0625221159229 8.19827721884e-09 0)
(0.0625221189385 5.85653788588e-09 0)
(0.0625221209402 3.92014679878e-09 0)
(0.0625221222051 2.49441540874e-09 0)
(0.0625221229705 1.51922276929e-09 0)
(0.0625221234148 8.87780592573e-10 0)
(0.0625221236619 4.9720215421e-10 0)
(0.0625221237926 2.65537994259e-10 0)
(0.0625221238575 1.33776861075e-10 0)
(0.062522123887 6.21870276149e-11 0)
(0.0625221238983 2.53651351983e-11 0)
(0.062522123901 7.7722101834e-12 0)
(0.0625221239002 2.89647609743e-13 0)
(0.0625221238982 -2.21180549291e-12 0)
(0.0625221238962 -2.48455112283e-12 0)
(0.0625221238945 -1.92300793687e-12 0)
(0.0625221238931 -1.17938040031e-12 0)
(0.0625221238921 -5.21601748789e-13 0)
(0.0625221238914 -3.143711439e-14 0)
(0.0625221238908 2.89991321861e-13 0)
(0.0625221238904 4.70599081189e-13 0)
(0.0625221238901 5.42971719688e-13 0)
(0.0625221238898 5.36219372925e-13 0)
(0.0625221238896 4.73041653407e-13 0)
(0.0625221238894 3.70667361698e-13 0)
(0.0625221238893 2.41750138953e-13 0)
(0.0625221238892 9.63219219145e-14 0)
(0.0625221238892 -5.73269739212e-14 0)
(0.0625221238892 -2.11991439351e-13 0)
(0.0625221238892 -3.61133990919e-13 0)
(0.0625221238893 -4.9902664816e-13 0)
(0.0625221238894 -6.20067766744e-13 0)
(0.0625221238895 -7.19817093413e-13 0)
(0.0625221238896 -7.94223906574e-13 0)
(0.0625221238898 -8.41031766451e-13 0)
(0.06252212389 -8.58026242005e-13 0)
(0.0625221238901 -8.45703363789e-13 0)
(0.0625221238903 -7.98353387088e-13 0)
(0.0625221238904 -7.25104486859e-13 0)
(0.0625221238906 -5.83603192359e-13 0)
(0.0646893949913 -9.72454372451e-06 0)
(0.0649967358259 -1.36006477627e-05 0)
(0.064930165015 -7.34222021686e-06 0)
(0.0649176392418 -6.72845242891e-06 0)
(0.0649192791855 -4.49747500867e-06 0)
(0.0649149256092 -2.76077197803e-06 0)
(0.0649132509942 -1.67987596478e-06 0)
(0.0649124123319 -9.39043136926e-07 0)
(0.0649118773049 -4.95405537178e-07 0)
(0.0649116317665 -2.44246551239e-07 0)
(0.0649115216354 -1.07951625603e-07 0)
(0.0649114784673 -3.93259529675e-08 0)
(0.0649114685497 -7.66430392519e-09 0)
(0.0649114718717 4.9555391524e-09 0)
(0.0649114792097 8.44963031276e-09 0)
(0.0649114865893 8.07115574396e-09 0)
(0.0649114925728 6.40360231991e-09 0)
(0.0649114969285 4.59988644568e-09 0)
(0.0649114998845 3.09145956438e-09 0)
(0.0649115017864 1.97366613595e-09 0)
(0.0649115029562 1.20569708828e-09 0)
(0.0649115036465 7.06692912074e-10 0)
(0.0649115040369 3.97095180705e-10 0)
(0.0649115042477 2.12934279299e-10 0)
(0.0649115043552 1.07881678001e-10 0)
(0.0649115044061 5.06158965883e-11 0)
(0.0649115044272 2.10436169851e-11 0)
(0.0649115044339 6.83687227534e-12 0)
(0.0649115044342 7.39929834322e-13 0)
(0.0649115044322 -1.34163417307e-12 0)
(0.0649115044297 -1.61310774806e-12 0)
(0.0649115044274 -1.19733856904e-12 0)
(0.0649115044257 -6.23417251898e-13 0)
(0.0649115044244 -1.11831564592e-13 0)
(0.0649115044235 2.67513940245e-13 0)
(0.0649115044228 5.10507093683e-13 0)
(0.0649115044224 6.37552049157e-13 0)
(0.064911504422 6.73448421933e-13 0)
(0.0649115044218 6.41087130816e-13 0)
(0.0649115044216 5.5859548887e-13 0)
(0.0649115044215 4.40354614831e-13 0)
(0.0649115044214 2.97165902326e-13 0)
(0.0649115044213 1.38237578277e-13 0)
(0.0649115044213 -2.8545227964e-14 0)
(0.0649115044213 -1.9586789716e-13 0)
(0.0649115044213 -3.57078154575e-13 0)
(0.0649115044213 -5.06052755134e-13 0)
(0.0649115044214 -6.37006463807e-13 0)
(0.0649115044215 -7.45160802803e-13 0)
(0.0649115044216 -8.26451791704e-13 0)
(0.0649115044217 -8.78580385091e-13 0)
(0.0649115044219 -8.99445871537e-13 0)
(0.064911504422 -8.89844685824e-13 0)
(0.0649115044221 -8.43467484319e-13 0)
(0.0649115044222 -7.71388577496e-13 0)
(0.0649115044224 -6.22658764712e-13 0)
(0.0662880178512 -5.71737921521e-06 0)
(0.066592473836 -8.28636991417e-06 0)
(0.066526682199 -4.56718354726e-06 0)
(0.0665125877799 -4.18886275685e-06 0)
(0.0665136695968 -2.83682225147e-06 0)
(0.0665087509519 -1.75413312657e-06 0)
(0.0665066721079 -1.0733033417e-06 0)
(0.0665056015581 -6.03522647638e-07 0)
(0.066504927002 -3.19898122015e-07 0)
(0.0665046066263 -1.58519150104e-07 0)
(0.0665044596565 -7.0559642987e-08 0)
(0.0665043999527 -2.6061667393e-08 0)
(0.0665043839859 -5.41518566616e-09 0)
(0.0665043861143 2.89638474088e-09 0)
(0.0665043941924 5.26829620928e-09 0)
(0.0665044028545 5.10034978858e-09 0)
(0.0665044100666 4.07160353709e-09 0)
(0.0665044153981 2.93581968204e-09 0)
(0.0665044190553 1.9785130042e-09 0)
(0.0665044214287 1.2659979024e-09 0)
(0.0665044228996 7.75002341564e-10 0)
(0.0665044237738 4.55223885116e-10 0)
(0.066504424272 2.56427670005e-10 0)
(0.0665044245433 1.37957753329e-10 0)
(0.0665044246833 7.02547588055e-11 0)
(0.0665044247505 3.3278493385e-11 0)
(0.0665044247794 1.41436078115e-11 0)
(0.0665044247892 4.92824720083e-12 0)
(0.0665044247905 9.60490091734e-13 0)
(0.0665044247885 -4.01962023557e-13 0)
(0.0665044247857 -5.86116553637e-13 0)
(0.0665044247831 -3.21333041266e-13 0)
(0.0665044247811 4.67134521748e-14 0)
(0.0665044247796 3.72170571834e-13 0)
(0.0665044247786 6.07400830542e-13 0)
(0.0665044247779 7.4784659829e-13 0)
(0.0665044247775 8.05627972828e-13 0)
(0.0665044247772 7.96060500282e-13 0)
(0.066504424777 7.34014118771e-13 0)
(0.0665044247768 6.3157062911e-13 0)
(0.0665044247767 4.99113605728e-13 0)
(0.0665044247766 3.44816762451e-13 0)
(0.0665044247766 1.76503463682e-13 0)
(0.0665044247766 1.21918647389e-15 0)
(0.0665044247766 -1.73946766956e-13 0)
(0.0665044247766 -3.42460007014e-13 0)
(0.0665044247766 -4.98027170038e-13 0)
(0.0665044247767 -6.348268373e-13 0)
(0.0665044247767 -7.47919811685e-13 0)
(0.0665044247768 -8.33319887024e-13 0)
(0.0665044247769 -8.88806482897e-13 0)
(0.0665044247769 -9.12452100165e-13 0)
(0.066504424777 -9.05437418629e-13 0)
(0.0665044247771 -8.61348357029e-13 0)
(0.0665044247772 -7.93180717032e-13 0)
(0.0665044247773 -6.44149204806e-13 0)
(0.0670873138293 -1.88611698805e-06 0)
(0.0673903720308 -2.78169207334e-06 0)
(0.0673249849364 -1.54914631801e-06 0)
(0.0673101091689 -1.4216506085e-06 0)
(0.0673109020081 -9.69026626656e-07 0)
(0.0673056913884 -6.01401195038e-07 0)
(0.0673034003641 -3.69006536732e-07 0)
(0.0673022066408 -2.08106915913e-07 0)
(0.0673014575249 -1.10568106575e-07 0)
(0.0673010968324 -5.49281165147e-08 0)
(0.0673009298626 -2.45346750449e-08 0)
(0.067300861093 -9.12264877362e-09 0)
(0.0673008417415 -1.95164747524e-09 0)
(0.0673008431387 9.49148144387e-10 0)
(0.0673008515581 1.78886335872e-09 0)
(0.0673008608751 1.74394535716e-09 0)
(0.0673008687277 1.39661909109e-09 0)
(0.0673008745726 1.00901863524e-09 0)
(0.067300878601 6.81019498173e-10 0)
(0.0673008812249 4.3635818705e-10 0)
(0.0673008828563 2.67518903954e-10 0)
(0.0673008838288 1.57442254798e-10 0)
(0.0673008843848 8.89593352139e-11 0)
(0.0673008846887 4.81285482845e-11 0)
(0.0673008848463 2.47930640366e-11 0)
(0.0673008849224 1.20568680714e-11 0)
(0.0673008849555 5.48044020246e-12 0)
(0.0673008849671 2.3309627107e-12 0)
(0.0673008849689 9.94510253992e-13 0)
(0.067300884967 5.56427843877e-13 0)
(0.0673008849641 5.21393764988e-13 0)
(0.0673008849614 6.34819720948e-13 0)
(0.0673008849593 7.74955668557e-13 0)
(0.0673008849578 8.89086583642e-13 0)
(0.0673008849567 9.59091244432e-13 0)
(0.0673008849561 9.8190215708e-13 0)
(0.0673008849556 9.6101195614e-13 0)
(0.0673008849554 9.01183727319e-13 0)
(0.0673008849552 8.08153357304e-13 0)
(0.0673008849551 6.86981920687e-13 0)
(0.0673008849551 5.43278315132e-13 0)
(0.067300884955 3.8205460938e-13 0)
(0.067300884955 2.09286819319e-13 0)
(0.067300884955 3.08546985152e-14 0)
(0.067300884955 -1.46661278047e-13 0)
(0.067300884955 -3.17107135528e-13 0)
(0.067300884955 -4.74216696499e-13 0)
(0.067300884955 -6.12308940759e-13 0)
(0.0673008849551 -7.26455500911e-13 0)
(0.0673008849551 -8.12890972219e-13 0)
(0.0673008849551 -8.69544811426e-13 0)
(0.0673008849551 -8.94773297015e-13 0)
(0.0673008849552 -8.90200478218e-13 0)
(0.0673008849552 -8.49792925667e-13 0)
(0.0673008849552 -7.88350645183e-13 0)
(0.0673008849553 -6.46594782475e-13 0)
(0.0670873138293 1.88611699468e-06 0)
(0.0673903720308 2.78169209024e-06 0)
(0.0673249849364 1.54914634374e-06 0)
(0.0673101091689 1.42165064293e-06 0)
(0.0673109020081 9.69026670512e-07 0)
(0.0673056913884 6.0140124953e-07 0)
(0.0673034003641 3.69006603579e-07 0)
(0.0673022066408 2.08106997467e-07 0)
(0.067301457525 1.10568205838e-07 0)
(0.0673010968324 5.49282372568e-08 0)
(0.0673009298626 2.45348216298e-08 0)
(0.067300861093 9.12282641048e-09 0)
(0.0673008417416 1.95186209769e-09 0)
(0.0673008431388 -9.48889617942e-10 0)
(0.0673008515581 -1.78855329222e-09 0)
(0.0673008608752 -1.74357515788e-09 0)
(0.0673008687278 -1.39617945894e-09 0)
(0.0673008745727 -1.00849944741e-09 0)
(0.0673008786011 -6.80410201231e-10 0)
(0.067300881225 -4.35647901274e-10 0)
(0.0673008828565 -2.66696962189e-10 0)
(0.067300883829 -1.56498203815e-10 0)
(0.067300884385 -8.788377859e-11 0)
(0.067300884689 -4.6913584337e-11 0)
(0.0673008848466 -2.34329928819e-11 0)
(0.0673008849228 -1.05486602824e-11 0)
(0.0673008849559 -3.82442648464e-12 0)
(0.0673008849676 -5.3161529878e-13 0)
(0.0673008849695 9.39182319288e-13 0)
(0.0673008849676 1.4972985759e-12 0)
(0.0673008849648 1.63280740804e-12 0)
(0.0673008849622 1.59448211145e-12 0)
(0.0673008849601 1.49881955257e-12 0)
(0.0673008849587 1.392871218e-12 0)
(0.0673008849577 1.29066324896e-12 0)
(0.0673008849572 1.1913510094e-12 0)
(0.0673008849568 1.08972368901e-12 0)
(0.0673008849566 9.79676293077e-13 0)
(0.0673008849565 8.57375218493e-13 0)
(0.0673008849565 7.205381633e-13 0)
(0.0673008849565 5.69635892755e-13 0)
(0.0673008849565 4.06284576505e-13 0)
(0.0673008849565 2.34332835789e-13 0)
(0.0673008849565 5.82934672831e-14 0)
(0.0673008849565 -1.16024457747e-13 0)
(0.0673008849565 -2.83005962288e-13 0)
(0.0673008849565 -4.36631583754e-13 0)
(0.0673008849565 -5.71530439706e-13 0)
(0.0673008849565 -6.82945116233e-13 0)
(0.0673008849564 -7.67446184146e-13 0)
(0.0673008849564 -8.23189741075e-13 0)
(0.0673008849564 -8.48918855102e-13 0)
(0.0673008849564 -8.46690829495e-13 0)
(0.0673008849564 -8.11266331357e-13 0)
(0.0673008849563 -7.58945197253e-13 0)
(0.0673008849563 -6.31070649065e-13 0)
(0.0662880178512 5.7173792217e-06 0)
(0.066592473836 8.28636993069e-06 0)
(0.066526682199 4.56718357235e-06 0)
(0.0665125877799 4.18886279042e-06 0)
(0.0665136695968 2.83682229418e-06 0)
(0.0665087509519 1.7541331796e-06 0)
(0.0665066721079 1.07330340667e-06 0)
(0.0665056015581 6.03522726855e-07 0)
(0.066504927002 3.19898218388e-07 0)
(0.0665046066264 1.58519267273e-07 0)
(0.0665044596566 7.0559785182e-08 0)
(0.0665043999528 2.60618396443e-08 0)
(0.066504383986 5.41539374976e-09 0)
(0.0665043861144 -2.89613416131e-09 0)
(0.0665043941926 -5.26799571909e-09 0)
(0.0665044028546 -5.09999105667e-09 0)
(0.0665044100668 -4.07117759354e-09 0)
(0.0665044153983 -2.93531668801e-09 0)
(0.0665044190557 -1.97792274975e-09 0)
(0.0665044214291 -1.26530988017e-09 0)
(0.0665044229001 -7.74206177647e-10 0)
(0.0665044237743 -4.54309483813e-10 0)
(0.0665044242726 -2.55385956083e-10 0)
(0.0665044245441 -1.36781053652e-10 0)
(0.0665044246842 -6.89375522688e-11 0)
(0.0665044247516 -3.18178623967e-11 0)
(0.0665044247806 -1.25398910753e-11 0)
(0.0665044247906 -3.18577271863e-12 0)
(0.0665044247921 9.12004866328e-13 0)
(0.0665044247903 2.39062526531e-12 0)
(0.0665044247877 2.67198526253e-12 0)
(0.0665044247854 2.47981536297e-12 0)
(0.0665044247836 2.15469150966e-12 0)
(0.0665044247824 1.83701519763e-12 0)
(0.0665044247816 1.57045353547e-12 0)
(0.0665044247811 1.35575931655e-12 0)
(0.0665044247809 1.17914983005e-12 0)
(0.0665044247808 1.02404435952e-12 0)
(0.0665044247808 8.77380607223e-13 0)
(0.0665044247808 7.29817087229e-13 0)
(0.0665044247809 5.76802966457e-13 0)
(0.0665044247809 4.16655578294e-13 0)
(0.0665044247809 2.51029825781e-13 0)
(0.066504424781 8.29800280754e-14 0)
(0.066504424781 -8.26238816206e-14 0)
(0.066504424781 -2.4083877449e-13 0)
(0.0665044247809 -3.86078852993e-13 0)
(0.0665044247809 -5.13449369779e-13 0)
(0.0665044247808 -6.18516511818e-13 0)
(0.0665044247808 -6.98301558372e-13 0)
(0.0665044247807 -7.51254334866e-13 0)
(0.0665044247806 -7.76594752152e-13 0)
(0.0665044247805 -7.76772963488e-13 0)
(0.0665044247805 -7.47743209956e-13 0)
(0.0665044247804 -7.06728162667e-13 0)
(0.0665044247804 -5.98783081102e-13 0)
(0.0646893949913 9.72454373073e-06 0)
(0.0649967358259 1.36006477785e-05 0)
(0.064930165015 7.34222024074e-06 0)
(0.0649176392418 6.72845246077e-06 0)
(0.0649192791855 4.49747504913e-06 0)
(0.0649149256092 2.76077202815e-06 0)
(0.0649132509942 1.67987602608e-06 0)
(0.0649124123319 9.39043211571e-07 0)
(0.064911877305 4.95405627895e-07 0)
(0.0649116317666 2.44246661425e-07 0)
(0.0649115216355 1.07951759229e-07 0)
(0.0649114784674 3.93261147349e-08 0)
(0.0649114685499 7.66449924195e-09 0)
(0.0649114718719 -4.95530403348e-09 0)
(0.0649114792099 -8.44934847881e-09 0)
(0.0649114865896 -8.07081936695e-09 0)
(0.0649114925732 -6.40320299427e-09 0)
(0.064911496929 -4.5994149672e-09 0)
(0.064911499885 -3.09090637671e-09 0)
(0.064911501787 -1.97302140237e-09 0)
(0.064911502957 -1.20495105472e-09 0)
(0.0649115036474 -7.05836137241e-10 0)
(0.0649115040379 -3.96119185951e-10 0)
(0.0649115042489 -2.11831873709e-10 0)
(0.0649115043567 -1.06647671321e-10 0)
(0.0649115044077 -4.92475832163e-11 0)
(0.0649115044292 -1.95413494688e-11 0)
(0.0649115044362 -5.2047026621e-12 0)
(0.0649115044368 1.01393908114e-12 0)
(0.0649115044351 3.20420883924e-12 0)
(0.0649115044329 3.56659432532e-12 0)
(0.064911504431 3.21868815334e-12 0)
(0.0649115044296 2.68475370778e-12 0)
(0.0649115044287 2.18023290852e-12 0)
(0.0649115044282 1.77129824884e-12 0)
(0.0649115044279 1.45850023983e-12 0)
(0.0649115044279 1.21986215212e-12 0)
(0.0649115044279 1.02944074101e-12 0)
(0.0649115044279 8.65995999996e-13 0)
(0.064911504428 7.14036445649e-13 0)
(0.0649115044281 5.6458596418e-13 0)
(0.0649115044282 4.12998995167e-13 0)
(0.0649115044283 2.58921663814e-13 0)
(0.0649115044283 1.03973482226e-13 0)
(0.0649115044283 -4.79898913346e-14 0)
(0.0649115044283 -1.9277946437e-13 0)
(0.0649115044282 -3.25394412571e-13 0)
(0.0649115044282 -4.41543141198e-13 0)
(0.0649115044281 -5.37253616935e-13 0)
(0.064911504428 -6.10065590475e-13 0)
(0.0649115044279 -6.58789482459e-13 0)
(0.0649115044277 -6.83141399304e-13 0)
(0.0649115044276 -6.85924940137e-13 0)
(0.0649115044275 -6.64539993809e-13 0)
(0.0649115044274 -6.36368467545e-13 0)
(0.0649115044273 -5.52691528974e-13 0)
(0.0622913880229 1.40200624696e-05 0)
(0.0626032875653 1.85488164896e-05 0)
(0.0625356155889 9.7067738567e-06 0)
(0.0625254489402 8.8917969937e-06 0)
(0.0625278740936 5.82540551988e-06 0)
(0.0625243205342 3.53756959497e-06 0)
(0.0625232030239 2.13474013829e-06 0)
(0.0625226775399 1.18279012292e-06 0)
(0.0625223290921 6.19637048062e-07 0)
(0.0625221822256 3.03155936874e-07 0)
(0.0625221200108 1.32531448677e-07 0)
(0.0625220979719 4.72304882795e-08 0)
(0.0625220954905 8.21580883076e-09 0)
(0.0625221000068 -7.09341016219e-09 0)
(0.0625221061198 -1.11241884248e-08 0)
(0.0625221116529 -1.0425624074e-08 0)
(0.0625221159234 -8.19791581914e-09 0)
(0.0625221189391 -5.856111286e-09 0)
(0.0625221209409 -3.91964638439e-09 0)
(0.0625221222059 -2.4938322571e-09 0)
(0.0625221229715 -1.51854804536e-09 0)
(0.062522123416 -8.8700577467e-10 0)
(0.0625221236633 -4.96319576007e-10 0)
(0.0625221237942 -2.64541158128e-10 0)
(0.0625221238595 -1.32661099479e-10 0)
(0.0625221238892 -6.09498773131e-11 0)
(0.0625221239009 -2.40069357614e-11 0)
(0.062522123904 -6.2966334317e-12 0)
(0.0625221239036 1.29583881819e-12 0)
(0.062522123902 3.89546166885e-12 0)
(0.0625221239005 4.25023664288e-12 0)
(0.0625221238992 3.74986575387e-12 0)
(0.0625221238983 3.04212974558e-12 0)
(0.0625221238979 2.3905105111e-12 0)
(0.0625221238976 1.87327172446e-12 0)
(0.0625221238976 1.48845814194e-12 0)
(0.0625221238976 1.20658113211e-12 0)
(0.0625221238978 9.94174265425e-13 0)
(0.0625221238979 8.23512185648e-13 0)
(0.0625221238981 6.74400016894e-13 0)
(0.0625221238982 5.34340469503e-13 0)
(0.0625221238983 3.96447587505e-13 0)
(0.0625221238984 2.58592714633e-13 0)
(0.0625221238984 1.21195796354e-13 0)
(0.0625221238985 -1.2946779536e-14 0)
(0.0625221238984 -1.40416985495e-13 0)
(0.0625221238984 -2.56932363991e-13 0)
(0.0625221238983 -3.58851665713e-13 0)
(0.0625221238981 -4.4280473401e-13 0)
(0.062522123898 -5.06924379263e-13 0)
(0.0625221238978 -5.50364913882e-13 0)
(0.0625221238977 -5.73450984455e-13 0)
(0.0625221238975 -5.79170165263e-13 0)
(0.0625221238974 -5.66562589851e-13 0)
(0.0625221238972 -5.52263542205e-13 0)
(0.0625221238971 -4.95788309106e-13 0)
(0.0590939272948 1.87046127226e-05 0)
(0.0594123550649 2.28800613934e-05 0)
(0.0593433191313 1.1491992677e-05 0)
(0.0593362858226 1.05380942926e-05 0)
(0.0593396555228 6.7150950835e-06 0)
(0.0593370792246 4.02088747237e-06 0)
(0.0593366158273 2.39977109543e-06 0)
(0.0593364473441 1.31400666359e-06 0)
(0.0593363086478 6.82021563897e-07 0)
(0.0593362703795 3.30215341031e-07 0)
(0.0593362598116 1.42178209695e-07 0)
(0.0593362599019 4.90704631631e-08 0)
(0.0593362646944 6.99266508121e-09 0)
(0.0593362698812 -9.15262226104e-09 0)
(0.059336274221 -1.30827023763e-08 0)
(0.0593362774547 -1.19762908319e-08 0)
(0.059336279679 -9.31059398934e-09 0)
(0.0593362811269 -6.6034443823e-09 0)
(0.0593362820271 -4.39658842995e-09 0)
(0.0593362825639 -2.78511974669e-09 0)
(0.0593362828709 -1.68923774332e-09 0)
(0.0593362830388 -9.82881399121e-10 0)
(0.059336283126 -5.47692339892e-10 0)
(0.0593362831683 -2.9052451246e-10 0)
(0.0593362831868 -1.44800304189e-10 0)
(0.0593362831935 -6.59357856396e-11 0)
(0.0593362831948 -2.5552346217e-11 0)
(0.059336283194 -6.36167448403e-12 0)
(0.0593362831926 1.73986875665e-12 0)
(0.0593362831914 4.40982370413e-12 0)
(0.0593362831906 4.66710865151e-12 0)
(0.05933628319 4.02902060904e-12 0)
(0.0593362831898 3.19625250527e-12 0)
(0.0593362831897 2.44909248595e-12 0)
(0.0593362831898 1.86655490981e-12 0)
(0.05933628319 1.44182255848e-12 0)
(0.0593362831902 1.13928214545e-12 0)
(0.0593362831904 9.20306426137e-13 0)
(0.0593362831907 7.52910231533e-13 0)
(0.0593362831909 6.13998665998e-13 0)
(0.059336283191 4.88798232003e-13 0)
(0.0593362831912 3.68965440153e-13 0)
(0.0593362831913 2.51088123335e-13 0)
(0.0593362831913 1.34609420937e-13 0)
(0.0593362831913 2.1342473884e-14 0)
(0.0593362831913 -8.60286274066e-14 0)
(0.0593362831912 -1.8402047521e-13 0)
(0.0593362831911 -2.6969299426e-13 0)
(0.059336283191 -3.40347848941e-13 0)
(0.0593362831908 -3.94725536366e-13 0)
(0.0593362831906 -4.32349367863e-13 0)
(0.0593362831904 -4.54111020945e-13 0)
(0.0593362831902 -4.63088100734e-13 0)
(0.05933628319 -4.59942385199e-13 0)
(0.0593362831899 -4.5973007538e-13 0)
(0.0593362831897 -4.31445165928e-13 0)
(0.0550969693022 2.38495499897e-05 0)
(0.0554242962966 2.6238461087e-05 0)
(0.0553536714904 1.25411922297e-05 0)
(0.0553504883443 1.15428414249e-05 0)
(0.0553548662831 7.09109287749e-06 0)
(0.0553533676887 4.17428181174e-06 0)
(0.0553535866946 2.45725033427e-06 0)
(0.0553537756827 1.32567173468e-06 0)
(0.0553538432646 6.80211875261e-07 0)
(0.055353908543 3.24958675669e-07 0)
(0.0553539456898 1.37106428144e-07 0)
(0.0553539652878 4.5220257369e-08 0)
(0.0553539757157 4.34342897724e-09 0)
(0.0553539806148 -1.08630588261e-08 0)
(0.0553539826474 -1.41348218619e-08 0)
(0.0553539832987 -1.2597041959e-08 0)
(0.055353983336 -9.66194640732e-09 0)
(0.0553539831518 -6.79350595892e-09 0)
(0.0553539829253 -4.49394202717e-09 0)
(0.055353982727 -2.83143756852e-09 0)
(0.0553539825765 -1.70884418242e-09 0)
(0.0553539824714 -9.89394253122e-10 0)
(0.0553539824023 -5.48384285653e-10 0)
(0.055353982359 -2.89058517912e-10 0)
(0.0553539823331 -1.42875280061e-10 0)
(0.0553539823182 -6.42376677072e-11 0)
(0.0553539823101 -2.42805984328e-11 0)
(0.055353982306 -5.50668424428e-12 0)
(0.0553539823042 2.25961879119e-12 0)
(0.0553539823035 4.68603388443e-12 0)
(0.0553539823034 4.77796350747e-12 0)
(0.0553539823037 4.03365675709e-12 0)
(0.055353982304 3.13629752989e-12 0)
(0.0553539823044 2.3527994171e-12 0)
(0.0553539823048 1.75257611756e-12 0)
(0.0553539823052 1.32260079834e-12 0)
(0.0553539823055 1.02316704755e-12 0)
(0.0553539823059 8.13311576887e-13 0)
(0.0553539823061 6.59365031102e-13 0)
(0.0553539823064 5.37318414991e-13 0)
(0.0553539823066 4.31483276676e-13 0)
(0.0553539823067 3.32979732416e-13 0)
(0.0553539823068 2.37591415171e-13 0)
(0.0553539823069 1.44126863419e-13 0)
(0.0553539823069 5.35388136333e-14 0)
(0.0553539823069 -3.2161003098e-14 0)
(0.0553539823068 -1.10310355473e-13 0)
(0.0553539823066 -1.78705077764e-13 0)
(0.0553539823065 -2.35322076467e-13 0)
(0.0553539823063 -2.79514904393e-13 0)
(0.0553539823061 -3.1116637725e-13 0)
(0.0553539823059 -3.31672481186e-13 0)
(0.0553539823057 -3.4411325308e-13 0)
(0.0553539823054 -3.50601199051e-13 0)
(0.0553539823053 -3.63939885767e-13 0)
(0.055353982305 -3.63022668577e-13 0)
(0.0503005991328 2.94570747991e-05 0)
(0.0506396375924 2.81384260652e-05 0)
(0.0505671789657 1.27377655027e-05 0)
(0.0505684426814 1.18096404151e-05 0)
(0.0505737701574 6.91882956094e-06 0)
(0.0505733555564 3.99420844158e-06 0)
(0.0505742092198 2.31260631238e-06 0)
(0.0505747119902 1.22547026191e-06 0)
(0.0505749565517 6.20255390087e-07 0)
(0.0505751065664 2.91399682716e-07 0)
(0.050575180806 1.19728564215e-07 0)
(0.0505752143163 3.70160735725e-08 0)
(0.0505752276612 9.58186027595e-10 0)
(0.0505752311058 -1.18972873989e-08 0)
(0.0505752304334 -1.4143886799e-08 0)
(0.050575228451 -1.22443197493e-08 0)
(0.0505752263815 -9.2493743483e-09 0)
(0.0505752246761 -6.43853902053e-09 0)
(0.0505752234234 -4.22681090198e-09 0)
(0.0505752225679 -2.64601080941e-09 0)
(0.0505752220147 -1.58741235793e-09 0)
(0.0505752216731 -9.13559363857e-10 0)
(0.0505752214707 -5.0301036089e-10 0)
(0.0505752213558 -2.63035992548e-10 0)
(0.0505752212936 -1.28622391551e-10 0)
(0.0505752212617 -5.68540000972e-11 0)
(0.0505752212466 -2.07395923697e-11 0)
(0.0505752212404 -4.01552535082e-12 0)
(0.0505752212385 2.71959577617e-12 0)
(0.0505752212385 4.66812511991e-12 0)
(0.0505752212393 4.56712514503e-12 0)
(0.0505752212403 3.76688194956e-12 0)
(0.0505752212412 2.87304041452e-12 0)
(0.050575221242 2.11460602449e-12 0)
(0.0505752212426 1.54411164643e-12 0)
(0.0505752212432 1.14241070176e-12 0)
(0.0505752212436 8.68420202449e-13 0)
(0.050575221244 6.81883322896e-13 0)
(0.0505752212443 5.50151573978e-13 0)
(0.0505752212446 4.50212209743e-13 0)
(0.0505752212448 3.6686989602e-13 0)
(0.050575221245 2.91542652968e-13 0)
(0.0505752212451 2.19765074888e-13 0)
(0.0505752212451 1.50017658288e-13 0)
(0.0505752212451 8.25805021413e-14 0)
(0.0505752212451 1.88397833912e-14 0)
(0.050575221245 -3.93297707002e-14 0)
(0.0505752212449 -9.04069508684e-14 0)
(0.0505752212447 -1.33063209063e-13 0)
(0.0505752212445 -1.6719878809e-13 0)
(0.0505752212443 -1.93044722072e-13 0)
(0.0505752212441 -2.12404353744e-13 0)
(0.0505752212438 -2.28217505046e-13 0)
(0.0505752212436 -2.43840376854e-13 0)
(0.0505752212434 -2.6933171456e-13 0)
(0.0505752212432 -2.93261984946e-13 0)
(0.0447052898508 3.53908950761e-05 0)
(0.0450590821052 2.79560942308e-05 0)
(0.044984447358 1.20482077162e-05 0)
(0.044990554397 1.1283330036e-05 0)
(0.0449966283498 6.21525643457e-06 0)
(0.044997195925 3.51354739889e-06 0)
(0.044998560392 1.99487124105e-06 0)
(0.0449992937684 1.03492252732e-06 0)
(0.044999664508 5.1557037211e-07 0)
(0.0449998699596 2.37248641432e-07 0)
(0.044999966031 9.41425957806e-08 0)
(0.0450000060663 2.64536299451e-08 0)
(0.0450000191642 -2.2972597002e-09 0)
(0.045000020093 -1.19552609208e-08 0)
(0.0450000165948 -1.3066521433e-08 0)
(0.045000012212 -1.09731902256e-08 0)
(0.0450000083488 -8.15201323036e-09 0)
(0.0450000054038 -5.61104063235e-09 0)
(0.0450000033416 -3.65154861398e-09 0)
(0.0450000019817 -2.26879409751e-09 0)
(0.0450000011272 -1.35153246996e-09 0)
(0.0450000006128 -7.72212452998e-10 0)
(0.0450000003158 -4.21775887986e-10 0)
(0.0450000001516 -2.1839051299e-10 0)
(0.0450000000654 -1.05344492484e-10 0)
(0.0450000000231 -4.55336781778e-11 0)
(0.0450000000043 -1.57980287842e-11 0)
(0.0449999999973 -2.28075954965e-12 0)
(0.0449999999959 2.9709132261e-12 0)
(0.0449999999968 4.32290547655e-12 0)
(0.0449999999984 4.05015303313e-12 0)
(0.045 3.2601848586e-12 0)
(0.0450000000014 2.43927710223e-12 0)
(0.0450000000025 1.76313176579e-12 0)
(0.0450000000033 1.26436203161e-12 0)
(0.045000000004 9.19420854859e-13 0)
(0.0450000000045 6.89107847729e-13 0)
(0.0450000000049 5.36826550858e-13 0)
(0.0450000000052 4.33487436145e-13 0)
(0.0450000000055 3.58727340127e-13 0)
(0.0450000000057 2.99137616043e-13 0)
(0.0450000000059 2.47092629006e-13 0)
(0.045000000006 1.98452049044e-13 0)
(0.045000000006 1.51586645772e-13 0)
(0.045000000006 1.06307005755e-13 0)
(0.045000000006 6.34686104829e-14 0)
(0.0450000000059 2.42456647582e-14 0)
(0.0450000000057 -1.04856895105e-14 0)
(0.0450000000056 -4.00268535025e-14 0)
(0.0450000000054 -6.47206899356e-14 0)
(0.0450000000052 -8.51450970212e-14 0)
(0.045000000005 -1.03330188509e-13 0)
(0.0450000000047 -1.21987415754e-13 0)
(0.0450000000045 -1.454007066e-13 0)
(0.0450000000043 -1.80642344931e-13 0)
(0.0450000000041 -2.2499518059e-13 0)
(0.0383125141261 4.13304328669e-05 0)
(0.0386834081362 2.49911430375e-05 0)
(0.0386061730997 1.05699006351e-05 0)
(0.0386172178261 9.96048283433e-06 0)
(0.0386236743119 5.05813567232e-06 0)
(0.0386250060278 2.80198089192e-06 0)
(0.0386266899252 1.55444654874e-06 0)
(0.0386275411264 7.86661667237e-07 0)
(0.038627972984 3.84865746242e-07 0)
(0.0386281988557 1.72570229238e-07 0)
(0.0386282996068 6.5345538224e-08 0)
(0.0386283384738 1.5763596703e-08 0)
(0.0386283484608 -4.59373792141e-09 0)
(0.0386283462561 -1.08603618435e-08 0)
(0.0386283402184 -1.09892194209e-08 0)
(0.0386283339851 -8.94605125794e-09 0)
(0.038628328866 -6.52799957809e-09 0)
(0.0386283251124 -4.43754162667e-09 0)
(0.0386283225523 -2.85950359995e-09 0)
(0.0386283208983 -1.76139728154e-09 0)
(0.0386283198773 -1.04064689371e-09 0)
(0.0386283192728 -5.89505172071e-10 0)
(0.0386283189296 -3.18865957603e-10 0)
(0.0386283187436 -1.63106535779e-10 0)
(0.0386283186482 -7.73276306355e-11 0)
(0.0386283186028 -3.24467776222e-11 0)
(0.0386283185837 -1.04683229203e-11 0)
(0.0386283185775 -7.13926156086e-13 0)
(0.0386283185771 2.89303529385e-12 0)
(0.0386283185788 3.6566880365e-12 0)
(0.038628318581 3.27835095005e-12 0)
(0.0386283185831 2.5725685491e-12 0)
(0.0386283185847 1.88707500911e-12 0)
(0.038628318586 1.33962230422e-12 0)
(0.0386283185869 9.44298570009e-13 0)
(0.0386283185876 6.76381085104e-13 0)
(0.0386283185881 5.01785365281e-13 0)
(0.0386283185885 3.90269513237e-13 0)
(0.0386283185888 3.18223466262e-13 0)
(0.0386283185891 2.69281433878e-13 0)
(0.0386283185893 2.32701082576e-13 0)
(0.0386283185894 2.02383591249e-13 0)
(0.0386283185895 1.74868153328e-13 0)
(0.0386283185896 1.48633096979e-13 0)
(0.0386283185896 1.23225422361e-13 0)
(0.0386283185895 9.90606240581e-14 0)
(0.0386283185894 7.67273429946e-14 0)
(0.0386283185893 5.65355012871e-14 0)
(0.0386283185891 3.86615049538e-14 0)
(0.038628318589 2.23973386998e-14 0)
(0.0386283185888 6.9145241633e-15 0)
(0.0386283185886 -9.90447588257e-15 0)
(0.0386283185884 -3.04261772082e-14 0)
(0.0386283185882 -5.95583092372e-14 0)
(0.038628318588 -1.01182649747e-13 0)
(0.0386283185877 -1.60238183812e-13 0)
(0.0311261358011 4.67339495729e-05 0)
(0.0315130514046 1.88211983795e-05 0)
(0.0314331791839 8.54484298912e-06 0)
(0.0314487868713 7.89911583342e-06 0)
(0.0314550872272 3.59491145017e-06 0)
(0.0314568511377 1.96266657887e-06 0)
(0.0314586132438 1.05828875424e-06 0)
(0.0314594539864 5.20198049569e-07 0)
(0.0314598768452 2.49333921997e-07 0)
(0.0314600879191 1.0811520128e-07 0)
(0.0314601772909 3.83143302616e-08 0)
(0.0314602085215 6.94235883339e-09 0)
(0.0314602135535 -5.35852349989e-09 0)
(0.0314602083378 -8.64907729258e-09 0)
(0.0314602005461 -8.15513624806e-09 0)
(0.0314601933316 -6.43225625775e-09 0)
(0.0314601876897 -4.60463640471e-09 0)
(0.0314601836735 -3.08733027643e-09 0)
(0.0314601809919 -1.96738577212e-09 0)
(0.031460179289 -1.19986302447e-09 0)
(0.0314601782539 -7.0204889497e-10 0)
(0.0314601776502 -3.93635365242e-10 0)
(0.0314601773129 -2.10405765853e-10 0)
(0.0314601771335 -1.0599964623e-10 0)
(0.0314601770436 -4.91412269729e-11 0)
(0.0314601770023 -1.98002981248e-11 0)
(0.031460176986 -5.70615316701e-12 0)
(0.0314601769817 3.52290984308e-13 0)
(0.0314601769824 2.4370605677e-12 0)
(0.0314601769847 2.73116108849e-12 0)
(0.0314601769873 2.3421230706e-12 0)
(0.0314601769895 1.78885224268e-12 0)
(0.0314601769912 1.28461309445e-12 0)
(0.0314601769925 8.94782558587e-13 0)
(0.0314601769934 6.20040467176e-13 0)
(0.0314601769941 4.38398460496e-13 0)
(0.0314601769945 3.23754780833e-13 0)
(0.0314601769949 2.54022391259e-13 0)
(0.0314601769952 2.12290269202e-13 0)
(0.0314601769954 1.86955048657e-13 0)
(0.0314601769956 1.70437180967e-13 0)
(0.0314601769957 1.58430047548e-13 0)
(0.0314601769958 1.48391167836e-13 0)
(0.0314601769958 1.39058095968e-13 0)
(0.0314601769958 1.2987681458e-13 0)
(0.0314601769958 1.20949964833e-13 0)
(0.0314601769957 1.12388218226e-13 0)
(0.0314601769956 1.04107472323e-13 0)
(0.0314601769954 9.58291474565e-14 0)
(0.0314601769953 8.66603751243e-14 0)
(0.0314601769951 7.56229255088e-14 0)
(0.0314601769949 6.06675916876e-14 0)
(0.0314601769948 3.98846678675e-14 0)
(0.0314601769946 8.1170051634e-15 0)
(0.0314601769944 -3.52910410355e-14 0)
(0.0314601769942 -1.01404394916e-13 0)
(0.0231558885189 4.95942065521e-05 0)
(0.023547023089 1.0265939422e-05 0)
(0.0234665670121 6.25624155802e-06 0)
(0.0234855402906 5.26648337219e-06 0)
(0.0234909620513 2.05765323625e-06 0)
(0.0234927339933 1.12677376638e-06 0)
(0.0234943085489 5.84275135086e-07 0)
(0.0234950120102 2.77249470217e-07 0)
(0.0234953607518 1.29761917603e-07 0)
(0.0234955270794 5.3670810584e-08 0)
(0.0234955928948 1.71147602725e-08 0)
(0.0234956125909 1.30161151825e-09 0)
(0.0234956124256 -4.48600464586e-09 0)
(0.0234956052677 -5.65767438725e-09 0)
(0.0234955970432 -4.99087994397e-09 0)
(0.0234955900064 -3.80885204157e-09 0)
(0.0234955847232 -2.66986409261e-09 0)
(0.0234955810606 -1.76229844168e-09 0)
(0.0234955786636 -1.10847528623e-09 0)
(0.0234955771669 -6.68026648055e-10 0)
(0.0234955762712 -3.86261090709e-10 0)
(0.0234955757569 -2.13813650096e-10 0)
(0.0234955754744 -1.12562165505e-10 0)
(0.0234955753272 -5.55780697236e-11 0)
(0.0234955752555 -2.49832461164e-11 0)
(0.023495575224 -9.47803368018e-12 0)
(0.0234955752127 -2.22252139001e-12 0)
(0.0234955752106 7.55604190055e-13 0)
(0.0234955752122 1.66575374616e-12 0)
(0.0234955752149 1.67765075831e-12 0)
(0.0234955752174 1.37327541454e-12 0)
(0.0234955752195 1.01729598284e-12 0)
(0.023495575221 7.12511071782e-13 0)
(0.0234955752221 4.85343759974e-13 0)
(0.0234955752229 3.30136577151e-13 0)
(0.0234955752234 2.31149719705e-13 0)
(0.0234955752238 1.71909568515e-13 0)
(0.0234955752241 1.39115604663e-13 0)
(0.0234955752243 1.22775773322e-13 0)
(0.0234955752245 1.16035806094e-13 0)
(0.0234955752246 1.14520650509e-13 0)
(0.0234955752247 1.1570517673e-13 0)
(0.0234955752247 1.17991972484e-13 0)
(0.0234955752248 1.20483715763e-13 0)
(0.0234955752248 1.22662444173e-13 0)
(0.0234955752247 1.2442676393e-13 0)
(0.0234955752247 1.25571317201e-13 0)
(0.0234955752246 1.25762467846e-13 0)
(0.0234955752245 1.24473433285e-13 0)
(0.0234955752244 1.20770539602e-13 0)
(0.0234955752242 1.13680028349e-13 0)
(0.0234955752241 1.01381325822e-13 0)
(0.023495575224 8.25552234739e-14 0)
(0.0234955752238 5.22718508063e-14 0)
(0.0234955752237 1.26695497003e-14 0)
(0.0234955752235 -5.08857800344e-14 0)
(0.0144268670211 4.12724612003e-05 0)
(0.0147809934267 2.26479216907e-06 0)
(0.0147081626386 3.80921178083e-06 0)
(0.0147276036959 2.50536841565e-06 0)
(0.0147312671753 7.74567322532e-07 0)
(0.0147325903338 4.46449757843e-07 0)
(0.0147337164511 2.15868559901e-07 0)
(0.0147341764377 9.7411569907e-08 0)
(0.0147344010128 4.41048688659e-08 0)
(0.0147345027372 1.67128847344e-08 0)
(0.0147345390207 4.17186689861e-09 0)
(0.014734546876 -9.07803837842e-10 0)
(0.0147345432553 -2.52251467765e-09 0)
(0.0147345362663 -2.60592254317e-09 0)
(0.0147345294439 -2.13917295053e-09 0)
(0.0147345239743 -1.56923353354e-09 0)
(0.0147345200187 -1.07086698574e-09 0)
(0.0147345173469 -6.9228739649e-10 0)
(0.0147345156339 -4.2770715687e-10 0)
(0.0147345145834 -2.53442230506e-10 0)
(0.0147345139654 -1.4403077653e-10 0)
(0.0147345136169 -7.82050649608e-11 0)
(0.0147345134294 -4.02087119854e-11 0)
(0.0147345133341 -1.92153487661e-11 0)
(0.0147345132894 -8.18819054821e-12 0)
(0.014734513271 -2.75959091868e-12 0)
(0.0147345132653 -3.30114147827e-13 0)
(0.0147345132652 5.84080756105e-13 0)
(0.0147345132671 7.92759690611e-13 0)
(0.0147345132694 7.14750549593e-13 0)
(0.0147345132714 5.51956537319e-13 0)
(0.0147345132729 3.91561379986e-13 0)
(0.014734513274 2.63823883396e-13 0)
(0.0147345132748 1.73378439983e-13 0)
(0.0147345132753 1.14761357836e-13 0)
(0.0147345132757 8.00723368763e-14 0)
(0.0147345132759 6.19863486456e-14 0)
(0.0147345132761 5.49014937814e-14 0)
(0.0147345132763 5.46887334413e-14 0)
(0.0147345132764 5.84981343888e-14 0)
(0.0147345132764 6.45138648541e-14 0)
(0.0147345132765 7.17182274292e-14 0)
(0.0147345132765 7.93401561887e-14 0)
(0.0147345132766 8.68570773271e-14 0)
(0.0147345132766 9.39037584762e-14 0)
(0.0147345132765 1.00311873437e-13 0)
(0.0147345132765 1.05757209995e-13 0)
(0.0147345132764 1.09870309843e-13 0)
(0.0147345132764 1.12123010228e-13 0)
(0.0147345132763 1.11771677513e-13 0)
(0.0147345132762 1.08037918245e-13 0)
(0.0147345132761 9.96017897298e-14 0)
(0.014734513276 8.57707859144e-14 0)
(0.0147345132759 6.2778375281e-14 0)
(0.0147345132759 3.39171563519e-14 0)
(0.0147345132757 -1.37485849566e-14 0)
(0.00500086337931 7.70420195256e-06 0)
(0.00520456398114 -7.41542110366e-06 0)
(0.00516195060288 2.25631771354e-06 0)
(0.00517468405168 7.61209053765e-08 0)
(0.005175779575 4.86335259792e-08 0)
(0.00517629344103 4.69054678623e-08 0)
(0.00517673959291 1.18441477e-08 0)
(0.00517689314657 5.53304567426e-09 0)
(0.00517696792103 2.07534259522e-09 0)
(0.00517699905903 2.9286340923e-10 0)
(0.00517700779838 -2.81036737896e-10 0)
(0.00517700775473 -4.34188039944e-10 0)
(0.00517700458708 -4.07769534873e-10 0)
(0.00517700091375 -3.19700967072e-10 0)
(0.00517699777017 -2.28308328218e-10 0)
(0.00517699540802 -1.52917284711e-10 0)
(0.00517699376885 -9.73727758138e-11 0)
(0.00517699269524 -5.93658159218e-11 0)
(0.00517699202434 -3.47327639555e-11 0)
(0.00517699162246 -1.94773925127e-11 0)
(0.00517699139152 -1.04167899542e-11 0)
(0.00517699126455 -5.2552326053e-12 0)
(0.00517699119826 -2.44512913547e-12 0)
(0.00517699116591 -9.95671052689e-13 0)
(0.00517699115164 -2.99976807915e-13 0)
(0.00517699114645 -1.42555913838e-15 0)
(0.00517699114544 1.00878801804e-13 0)
(0.00517699114609 1.14909119682e-13 0)
(0.00517699114722 9.5472213348e-14 0)
(0.00517699114831 6.82611246245e-14 0)
(0.00517699114918 4.38781387802e-14 0)
(0.00517699114982 2.55795381309e-14 0)
(0.00517699115027 1.3425404624e-14 0)
(0.00517699115057 6.37266073594e-15 0)
(0.00517699115077 3.14315030279e-15 0)
(0.0051769911509 2.61766626403e-15 0)
(0.00517699115099 3.9242695536e-15 0)
(0.00517699115106 6.51473820809e-15 0)
(0.00517699115111 9.94984905971e-15 0)
(0.00517699115114 1.3902122318e-14 0)
(0.00517699115117 1.81580749539e-14 0)
(0.00517699115119 2.26174455925e-14 0)
(0.0051769911512 2.71195817896e-14 0)
(0.00517699115121 3.15183033324e-14 0)
(0.00517699115121 3.56850267776e-14 0)
(0.0051769911512 3.95286358663e-14 0)
(0.00517699115119 4.28788513902e-14 0)
(0.00517699115117 4.55673411024e-14 0)
(0.00517699115115 4.73583964262e-14 0)
(0.00517699115112 4.79518554938e-14 0)
(0.00517699115109 4.70519136856e-14 0)
(0.00517699115106 4.41314211134e-14 0)
(0.00517699115102 3.92019251234e-14 0)
(0.00517699115099 3.03958352118e-14 0)
(0.00517699115096 2.11475461905e-14 0)
(0.00517699115089 2.51211982353e-15 0)
)
;

boundaryField
{
    inlet
    {
        type            fixedValue;
        value           nonuniform List<vector> 
26
(
(0.00508869179601 0 0)
(0.014667405765 0 0)
(0.0234478935698 0 0)
(0.0314301552106 0 0)
(0.0386141906874 0 0)
(0.045 0 0)
(0.0505875831486 0 0)
(0.055376940133 0 0)
(0.0593680709534 0 0)
(0.0625609756098 0 0)
(0.064955654102 0 0)
(0.0665521064302 0 0)
(0.0673503325942 0 0)
(0.0673503325942 0 0)
(0.0665521064302 0 0)
(0.064955654102 0 0)
(0.0625609756098 0 0)
(0.0593680709534 0 0)
(0.055376940133 0 0)
(0.0505875831486 0 0)
(0.045 0 0)
(0.0386141906874 0 0)
(0.0314301552106 0 0)
(0.0234478935698 0 0)
(0.014667405765 0 0)
(0.00508869179601 0 0)
)
;
    }
    outlet
    {
        type            zeroGradient;
    }
    walls
    {
        type            noSlip;
    }
    frontAndBack
    {
        type            empty;
    }
}


// ************************************************************************* //
