/*--------------------------------*- C++ -*----------------------------------*\
| =========                 |                                                 |
| \\      /  F ield         | OpenFOAM: The Open Source CFD Toolbox           |
|  \\    /   O peration     | Version:                                        |
|   \\  /    A nd           | Website:  www.openfoam.com                      |
|    \\/     M anipulation  |                                                 |
\*---------------------------------------------------------------------------*/
FoamFile
{
    version     2.0;
    format      ascii;
    class       volVectorField;
    location    "1000";
    object      U;
}
// * * * * * * * * * * * * * * * * * * * * * * * * * * * * * * * * * * * * * //

dimensions      [0 1 -1 0 0 0 0];


internalField   nonuniform List<vector> 
1600
(
(0.0014252759798 -2.50124366599e-06 0)
(0.00150326538368 3.10367167244e-06 0)
(0.00148520816968 -1.43687341143e-06 0)
(0.00149308414068 2.50086936145e-07 0)
(0.00149186257786 -1.22167188977e-07 0)
(0.00149256368116 1.90663891747e-08 0)
(0.00149248332798 -9.90306256554e-09 0)
(0.00149254417128 1.88459741597e-09 0)
(0.00149253648956 -5.6578768878e-10 0)
(0.00149254000069 3.045448128e-10 0)
(0.00149253832998 3.15172799314e-11 0)
(0.00149253803655 6.18944393637e-11 0)
(0.00149253761103 1.86122248801e-11 0)
(0.00149253745675 1.15064594704e-11 0)
(0.00149253736762 3.87169081688e-12 0)
(0.00149253733429 1.69575156194e-12 0)
(0.0014925373199 5.06682022036e-13 0)
(0.00149253731515 1.57802285509e-13 0)
(0.0014925373136 2.30963755437e-14 0)
(0.00149253731327 -4.8725182588e-15 0)
(0.00149253731327 -8.58902730959e-15 0)
(0.00149253731333 -4.96649230663e-15 0)
(0.00149253731338 -1.71380540977e-15 0)
(0.00149253731341 4.48328039077e-16 0)
(0.00149253731342 1.64264274641e-15 0)
(0.00149253731343 2.26897406335e-15 0)
(0.00149253731343 2.60897045895e-15 0)
(0.00149253731343 2.80577741511e-15 0)
(0.00149253731343 2.94303447378e-15 0)
(0.00149253731343 3.05530804079e-15 0)
(0.00149253731343 3.15897394824e-15 0)
(0.00149253731343 3.25358088607e-15 0)
(0.00149253731343 3.34587554505e-15 0)
(0.00149253731343 3.43093594257e-15 0)
(0.00149253731343 3.51417566559e-15 0)
(0.00149253731343 3.59128668817e-15 0)
(0.00149253731343 3.66575230048e-15 0)
(0.00149253731343 3.73081626787e-15 0)
(0.00149253731343 3.79334734555e-15 0)
(0.00149253731343 3.85084401705e-15 0)
(0.00149253731343 3.90117160792e-15 0)
(0.00149253731343 3.94543528601e-15 0)
(0.00149253731343 3.98231467763e-15 0)
(0.00149253731343 4.01261991968e-15 0)
(0.00149253731343 4.03386738765e-15 0)
(0.00149253731343 4.05117910871e-15 0)
(0.00149253731343 4.05886779264e-15 0)
(0.00149253731343 4.06160257095e-15 0)
(0.00149253731343 4.05174372952e-15 0)
(0.00149253731343 4.03668517435e-15 0)
(0.00149253731343 4.0105455395e-15 0)
(0.00149253731343 3.97890509338e-15 0)
(0.00149253731343 3.9364360176e-15 0)
(0.00149253731343 3.89045165372e-15 0)
(0.00149253731343 3.82939821561e-15 0)
(0.00149253731343 3.76564624717e-15 0)
(0.00149253731343 3.69204455595e-15 0)
(0.00149253731343 3.61392533234e-15 0)
(0.00149253731343 3.52334947187e-15 0)
(0.00149253731343 3.4291924628e-15 0)
(0.00149253731343 3.32572672569e-15 0)
(0.00149253731343 3.22055368864e-15 0)
(0.00149253731343 3.1062964654e-15 0)
(0.00149253731343 2.98504488992e-15 0)
(0.00149253731343 2.85811686801e-15 0)
(0.00149253731343 2.72729056931e-15 0)
(0.00149253731343 2.59187615719e-15 0)
(0.00149253731343 2.44943411884e-15 0)
(0.00149253731343 2.30472598708e-15 0)
(0.00149253731343 2.15366090406e-15 0)
(0.00149253731343 1.99564200796e-15 0)
(0.00149253731343 1.8363511542e-15 0)
(0.00149253731343 1.66515339138e-15 0)
(0.00149253731343 1.48598775002e-15 0)
(0.00149253731343 1.29514612027e-15 0)
(0.00149253731343 1.10134723768e-15 0)
(0.00149253731343 8.86468331275e-16 0)
(0.00149253731343 6.63069877102e-16 0)
(0.00149253731343 4.28673048123e-16 0)
(0.00149253731343 2.11232770396e-16 0)
(0.00405969895777 -1.45972886151e-05 0)
(0.00420167916325 4.85660772733e-07 0)
(0.00416530982784 -3.26349094285e-06 0)
(0.00417982557054 -3.49465483737e-07 0)
(0.00417765048058 -3.96474001399e-07 0)
(0.0041790719561 -6.88473358768e-08 0)
(0.00417896887218 -4.34385885296e-08 0)
(0.0041791053302 -7.24741884237e-09 0)
(0.00417909913116 -2.86634370557e-09 0)
(0.00417910866923 2.82598369041e-10 0)
(0.00417910635964 3.59252285361e-10 0)
(0.00417910597388 3.51475208391e-10 0)
(0.00417910515299 1.90288984965e-10 0)
(0.00417910481735 1.00833466076e-10 0)
(0.00417910461583 4.53006018241e-11 0)
(0.0041791045338 1.94817017407e-11 0)
(0.00417910449706 7.49208046584e-12 0)
(0.00417910448371 2.65133982332e-12 0)
(0.00417910447895 7.91564697034e-13 0)
(0.00417910447763 1.72768336612e-13 0)
(0.00417910447737 -1.71905154157e-15 0)
(0.00417910447742 -2.99748732489e-14 0)
(0.00417910447749 -2.17544245854e-14 0)
(0.00417910447755 -9.60734945037e-15 0)
(0.00417910447758 -1.07692597794e-15 0)
(0.0041791044776 3.81993226008e-15 0)
(0.00417910447761 6.3927082003e-15 0)
(0.00417910447761 7.71365479052e-15 0)
(0.00417910447761 8.44200711986e-15 0)
(0.00417910447761 8.89580164993e-15 0)
(0.00417910447761 9.23737371679e-15 0)
(0.00417910447761 9.52865928848e-15 0)
(0.00417910447761 9.80002164574e-15 0)
(0.00417910447761 1.00521760355e-14 0)
(0.00417910447761 1.02928633002e-14 0)
(0.00417910447761 1.051884132e-14 0)
(0.00417910447761 1.07342281818e-14 0)
(0.00417910447761 1.09308285067e-14 0)
(0.00417910447761 1.11157053793e-14 0)
(0.00417910447761 1.12784425437e-14 0)
(0.00417910447761 1.14282468853e-14 0)
(0.00417910447761 1.15588270312e-14 0)
(0.00417910447761 1.16695416075e-14 0)
(0.00417910447761 1.17619147922e-14 0)
(0.00417910447761 1.18277849177e-14 0)
(0.00417910447761 1.18774103638e-14 0)
(0.00417910447761 1.1902729271e-14 0)
(0.00417910447761 1.19068757665e-14 0)
(0.00417910447761 1.18782302254e-14 0)
(0.00417910447761 1.18347698188e-14 0)
(0.00417910447761 1.17583581585e-14 0)
(0.00417910447761 1.16684667381e-14 0)
(0.00417910447761 1.15452949932e-14 0)
(0.00417910447761 1.14085672351e-14 0)
(0.00417910447761 1.12330636957e-14 0)
(0.00417910447761 1.1045866764e-14 0)
(0.00417910447761 1.08300360399e-14 0)
(0.00417910447761 1.05970999009e-14 0)
(0.00417910447761 1.03341765809e-14 0)
(0.00417910447761 1.00574823574e-14 0)
(0.00417910447761 9.75349764357e-15 0)
(0.00417910447761 9.44119275311e-15 0)
(0.00417910447761 9.10680896639e-15 0)
(0.00417910447761 8.75310469827e-15 0)
(0.00417910447761 8.38175513738e-15 0)
(0.00417910447761 7.99704175784e-15 0)
(0.00417910447761 7.59653502007e-15 0)
(0.00417910447761 7.18492602992e-15 0)
(0.00417910447761 6.75159418245e-15 0)
(0.00417910447761 6.31359659783e-15 0)
(0.00417910447761 5.84536131803e-15 0)
(0.00417910447761 5.37501807757e-15 0)
(0.00417910447761 4.87247207227e-15 0)
(0.00417910447761 4.35008353375e-15 0)
(0.00417910447761 3.79748155927e-15 0)
(0.00417910447761 3.21999460257e-15 0)
(0.00417910447761 2.59239489253e-15 0)
(0.00417910447761 1.93069974847e-15 0)
(0.00417910447761 1.22543605686e-15 0)
(0.00417910447761 6.05013262068e-16 0)
(0.00643273445925 -1.71685361131e-05 0)
(0.00659766709766 -1.29841977303e-06 0)
(0.0065510506167 -4.93537436719e-06 0)
(0.00656814319847 -1.1415466402e-06 0)
(0.00656533498831 -7.68280464488e-07 0)
(0.00656708656441 -2.16236549581e-07 0)
(0.00656697536245 -1.00109003878e-07 0)
(0.00656715493119 -2.60669728917e-08 0)
(0.00656715321722 -8.31306851539e-09 0)
(0.00656716767043 -6.96792500132e-10 0)
(0.00656716592763 5.19706414944e-10 0)
(0.00656716586179 6.65809436469e-10 0)
(0.00656716498333 4.16170740339e-10 0)
(0.00656716460418 2.28980628242e-10 0)
(0.00656716435978 1.08930031913e-10 0)
(0.00656716425565 4.82908654744e-11 0)
(0.00656716420717 1.94848249121e-11 0)
(0.00656716418864 7.23088438853e-12 0)
(0.00656716418166 2.35827759008e-12 0)
(0.0065671641795 6.23548394046e-13 0)
(0.00656716417895 8.35055004451e-14 0)
(0.00656716417891 -4.07439049389e-14 0)
(0.00656716417897 -4.45363418115e-14 0)
(0.00656716417903 -2.46778789339e-14 0)
(0.00656716417907 -7.57570151461e-15 0)
(0.00656716417909 3.00651937426e-15 0)
(0.0065671641791 8.74152719913e-15 0)
(0.0065671641791 1.16815311995e-14 0)
(0.0065671641791 1.32324211149e-14 0)
(0.0065671641791 1.41207144884e-14 0)
(0.0065671641791 1.47304665549e-14 0)
(0.0065671641791 1.52186938009e-14 0)
(0.0065671641791 1.56564688561e-14 0)
(0.0065671641791 1.60612646658e-14 0)
(0.0065671641791 1.64519236379e-14 0)
(0.0065671641791 1.68110365545e-14 0)
(0.0065671641791 1.71546719138e-14 0)
(0.0065671641791 1.74678391425e-14 0)
(0.0065671641791 1.77627540933e-14 0)
(0.0065671641791 1.80216558218e-14 0)
(0.0065671641791 1.82593006309e-14 0)
(0.0065671641791 1.84699102495e-14 0)
(0.0065671641791 1.86432020904e-14 0)
(0.0065671641791 1.87902564958e-14 0)
(0.0065671641791 1.8895499983e-14 0)
(0.00656716417911 1.89743686894e-14 0)
(0.00656716417911 1.90120452141e-14 0)
(0.00656716417911 1.90173982399e-14 0)
(0.00656716417911 1.89761536731e-14 0)
(0.00656716417911 1.89049847635e-14 0)
(0.00656716417911 1.87831283822e-14 0)
(0.00656716417911 1.8635911546e-14 0)
(0.00656716417911 1.84388202145e-14 0)
(0.00656716417911 1.82127104463e-14 0)
(0.00656716417911 1.79431267849e-14 0)
(0.00656716417911 1.76389758378e-14 0)
(0.00656716417911 1.72913054675e-14 0)
(0.00656716417911 1.69181012571e-14 0)
(0.00656716417911 1.64998958604e-14 0)
(0.00656716417911 1.60541357805e-14 0)
(0.00656716417911 1.55679210535e-14 0)
(0.00656716417911 1.50657725447e-14 0)
(0.00656716417911 1.45270927899e-14 0)
(0.0065671641791 1.39656087733e-14 0)
(0.0065671641791 1.33760677612e-14 0)
(0.0065671641791 1.27627622382e-14 0)
(0.0065671641791 1.21171703244e-14 0)
(0.0065671641791 1.14654274651e-14 0)
(0.0065671641791 1.07734872969e-14 0)
(0.0065671641791 1.00719153559e-14 0)
(0.0065671641791 9.32585520136e-15 0)
(0.0065671641791 8.57338075133e-15 0)
(0.0065671641791 7.7728403015e-15 0)
(0.0065671641791 6.94239750252e-15 0)
(0.00656716417911 6.07208431009e-15 0)
(0.00656716417911 5.14546849718e-15 0)
(0.00656716417911 4.1520175755e-15 0)
(0.00656716417911 3.10197592138e-15 0)
(0.00656716417911 1.96853803364e-15 0)
(0.00656716417911 9.72601626109e-16 0)
(0.00852151405794 -1.5621774199e-05 0)
(0.00869323217662 -3.45768117805e-06 0)
(0.00864063774056 -5.81824594748e-06 0)
(0.00865829572992 -1.95301916586e-06 0)
(0.00865485644679 -1.10961923116e-06 0)
(0.00865666356126 -3.85281638335e-07 0)
(0.00865651164597 -1.63108841516e-07 0)
(0.00865670279822 -5.02000112039e-08 0)
(0.00865670132747 -1.55698425223e-08 0)
(0.00865671839884 -2.53366095105e-09 0)
(0.00865671739381 4.18920496091e-10 0)
(0.00865671783 8.93352839563e-10 0)
(0.00865671711729 6.27478628499e-10 0)
(0.00865671681346 3.58556061977e-10 0)
(0.00865671659151 1.77102499987e-10 0)
(0.00865671649462 8.03560877981e-11 0)
(0.00865671644723 3.33749709234e-11 0)
(0.00865671642849 1.2754254528e-11 0)
(0.00865671642108 4.3570499448e-12 0)
(0.00865671641862 1.25476997541e-12 0)
(0.00865671641791 2.38100638371e-13 0)
(0.00865671641778 -2.78016273336e-14 0)
(0.0086567164178 -6.06265567757e-14 0)
(0.00865671641785 -3.87242509861e-14 0)
(0.00865671641788 -1.45905916411e-14 0)
(0.00865671641789 1.44574774738e-15 0)
(0.0086567164179 1.04206763987e-14 0)
(0.00865671641791 1.50953084854e-14 0)
(0.00865671641791 1.7518326672e-14 0)
(0.00865671641791 1.88732447594e-14 0)
(0.00865671641791 1.97633212825e-14 0)
(0.00865671641791 2.04462003889e-14 0)
(0.00865671641791 2.10404296909e-14 0)
(0.00865671641791 2.15876505377e-14 0)
(0.00865671641791 2.21113268512e-14 0)
(0.00865671641791 2.25943509735e-14 0)
(0.00865671641791 2.3055029458e-14 0)
(0.00865671641791 2.34758965159e-14 0)
(0.00865671641791 2.38646815507e-14 0)
(0.00865671641791 2.42237728176e-14 0)
(0.00865671641791 2.45412949499e-14 0)
(0.00865671641791 2.4816723445e-14 0)
(0.00865671641791 2.50499261362e-14 0)
(0.00865671641791 2.52411204421e-14 0)
(0.00865671641791 2.53838582372e-14 0)
(0.00865671641791 2.54826337651e-14 0)
(0.00865671641791 2.55338738268e-14 0)
(0.00865671641791 2.55370983362e-14 0)
(0.00865671641791 2.54836474981e-14 0)
(0.00865671641791 2.53791617218e-14 0)
(0.00865671641791 2.52227659562e-14 0)
(0.00865671641791 2.50160822925e-14 0)
(0.00865671641791 2.47503332558e-14 0)
(0.00865671641791 2.44441351793e-14 0)
(0.00865671641791 2.40791086059e-14 0)
(0.00865671641791 2.36630536257e-14 0)
(0.00865671641791 2.31994434879e-14 0)
(0.00865671641791 2.26905640573e-14 0)
(0.00865671641791 2.21265627781e-14 0)
(0.00865671641791 2.15274426351e-14 0)
(0.00865671641791 2.08724460536e-14 0)
(0.00865671641791 2.01974406184e-14 0)
(0.00865671641791 1.94728658143e-14 0)
(0.00865671641791 1.87167673768e-14 0)
(0.00865671641791 1.79204645349e-14 0)
(0.00865671641791 1.71015898095e-14 0)
(0.00865671641791 1.62372869675e-14 0)
(0.00865671641791 1.53583778494e-14 0)
(0.00865671641791 1.44347265603e-14 0)
(0.00865671641791 1.3488585003e-14 0)
(0.00865671641791 1.2498894018e-14 0)
(0.00865671641791 1.14899420815e-14 0)
(0.00865671641791 1.04243250959e-14 0)
(0.00865671641791 9.31531183799e-15 0)
(0.00865671641791 8.15081094941e-15 0)
(0.00865671641791 6.91557885894e-15 0)
(0.00865671641791 5.60386506619e-15 0)
(0.00865671641791 4.20033379287e-15 0)
(0.00865671641791 2.69006445035e-15 0)
(0.00865671641791 1.33325526728e-15 0)
(0.0103166917775 -1.32614271101e-05 0)
(0.0104892842278 -4.95258492156e-06 0)
(0.01043301377 -6.02748768091e-06 0)
(0.0104502413317 -2.51051482166e-06 0)
(0.0104461354041 -1.34390814205e-06 0)
(0.0104478119282 -5.22179246367e-07 0)
(0.0104475784224 -2.15904063533e-07 0)
(0.0104477531835 -7.2303204554e-08 0)
(0.0104477450829 -2.26972060823e-08 0)
(0.0104477618496 -4.66855046408e-09 0)
(0.0104477611378 7.67071100033e-11 0)
(0.0104477620453 9.74197828691e-10 0)
(0.010447761611 7.64594200264e-10 0)
(0.0104477614639 4.53765520693e-10 0)
(0.0104477613152 2.30789124859e-10 0)
(0.010447761251 1.06785719615e-10 0)
(0.0104477612166 4.52986328124e-11 0)
(0.0104477612027 1.76904555642e-11 0)
(0.0104477611969 6.23370687991e-12 0)
(0.0104477611948 1.8924862024e-12 0)
(0.0104477611941 4.20110685801e-13 0)
(0.010447761194 6.20643984366e-15 0)
(0.010447761194 -6.46464348919e-14 0)
(0.010447761194 -4.69295490261e-14 0)
(0.010447761194 -1.92268044329e-14 0)
(0.010447761194 5.46929777887e-16 0)
(0.010447761194 1.19926678172e-14 0)
(0.010447761194 1.80521067045e-14 0)
(0.010447761194 2.12181775039e-14 0)
(0.010447761194 2.29778621736e-14 0)
(0.010447761194 2.41123282404e-14 0)
(0.010447761194 2.49687641484e-14 0)
(0.010447761194 2.57022888335e-14 0)
(0.010447761194 2.63726839887e-14 0)
(0.010447761194 2.70098529332e-14 0)
(0.010447761194 2.76027563767e-14 0)
(0.010447761194 2.81626516533e-14 0)
(0.010447761194 2.86763988487e-14 0)
(0.010447761194 2.91507614861e-14 0)
(0.010447761194 2.95855168114e-14 0)
(0.010447761194 2.99708474116e-14 0)
(0.010447761194 3.03056184596e-14 0)
(0.010447761194 3.0588249883e-14 0)
(0.010447761194 3.0817004187e-14 0)
(0.010447761194 3.09912715532e-14 0)
(0.010447761194 3.11041789278e-14 0)
(0.010447761194 3.11646123319e-14 0)
(0.010447761194 3.11630447578e-14 0)
(0.010447761194 3.10940472527e-14 0)
(0.010447761194 3.09599812836e-14 0)
(0.010447761194 3.07662264366e-14 0)
(0.010447761194 3.05081351037e-14 0)
(0.010447761194 3.01847985494e-14 0)
(0.010447761194 2.9800925962e-14 0)
(0.010447761194 2.93529352663e-14 0)
(0.010447761194 2.88409336532e-14 0)
(0.010447761194 2.82689519383e-14 0)
(0.010447761194 2.76422226014e-14 0)
(0.010447761194 2.69507866951e-14 0)
(0.010447761194 2.62134313726e-14 0)
(0.010447761194 2.54167050982e-14 0)
(0.010447761194 2.45839117389e-14 0)
(0.010447761194 2.36986469439e-14 0)
(0.010447761194 2.27740992861e-14 0)
(0.010447761194 2.1799508899e-14 0)
(0.010447761194 2.07932216266e-14 0)
(0.010447761194 1.97464069906e-14 0)
(0.010447761194 1.86687664951e-14 0)
(0.010447761194 1.7552975911e-14 0)
(0.010447761194 1.63997367768e-14 0)
(0.010447761194 1.51979997497e-14 0)
(0.010447761194 1.39712934665e-14 0)
(0.010447761194 1.26855604138e-14 0)
(0.010447761194 1.13435264445e-14 0)
(0.010447761194 9.93501423426e-15 0)
(0.010447761194 8.44899588393e-15 0)
(0.010447761194 6.87132962886e-15 0)
(0.010447761194 5.17625752994e-15 0)
(0.010447761194 3.35713759468e-15 0)
(0.010447761194 1.68902369221e-15 0)
(0.0118145613147 -1.07764298688e-05 0)
(0.0119861082256 -5.45641586249e-06 0)
(0.0119274589658 -5.69009339182e-06 0)
(0.0119438441437 -2.70983491935e-06 0)
(0.0119390746485 -1.42500804414e-06 0)
(0.0119405137556 -5.92382398151e-07 0)
(0.0119401680733 -2.44708966268e-07 0)
(0.0119403059193 -8.611744878e-08 0)
(0.0119402848123 -2.75755698996e-08 0)
(0.0119402985477 -6.39531135922e-09 0)
(0.0119402974537 -3.53239827109e-10 0)
(0.0119402986717 9.15277877338e-10 0)
(0.0119402985391 8.02188327886e-10 0)
(0.0119402985884 4.93435766002e-10 0)
(0.0119402985437 2.57023809826e-10 0)
(0.0119402985294 1.20887496194e-10 0)
(0.0119402985168 5.21171624219e-11 0)
(0.0119402985117 2.06936034062e-11 0)
(0.0119402985091 7.45595378774e-12 0)
(0.0119402985081 2.34622943334e-12 0)
(0.0119402985076 5.70278986458e-13 0)
(0.0119402985075 4.73636512904e-14 0)
(0.0119402985075 -5.73377002093e-14 0)
(0.0119402985075 -4.74608151167e-14 0)
(0.0119402985075 -1.99725542876e-14 0)
(0.0119402985075 1.09469905623e-15 0)
(0.0119402985075 1.3678916721e-14 0)
(0.0119402985075 2.0471747179e-14 0)
(0.0119402985075 2.40786648511e-14 0)
(0.0119402985075 2.61024199758e-14 0)
(0.0119402985075 2.74040846488e-14 0)
(0.0119402985075 2.83904205199e-14 0)
(0.0119402985075 2.92302444994e-14 0)
(0.0119402985075 2.99953055937e-14 0)
(0.0119402985075 3.07162426485e-14 0)
(0.0119402985075 3.13932014835e-14 0)
(0.0119402985075 3.20234323052e-14 0)
(0.0119402985075 3.26086697963e-14 0)
(0.0119402985075 3.31485502821e-14 0)
(0.0119402985075 3.36348889576e-14 0)
(0.0119402985075 3.40692249817e-14 0)
(0.0119402985075 3.44484834155e-14 0)
(0.0119402985075 3.47629531235e-14 0)
(0.0119402985075 3.50192430055e-14 0)
(0.0119402985075 3.52155527881e-14 0)
(0.0119402985075 3.53382440897e-14 0)
(0.0119402985075 3.53981650387e-14 0)
(0.0119402985075 3.5389578609e-14 0)
(0.0119402985075 3.53058867174e-14 0)
(0.0119402985075 3.51491875917e-14 0)
(0.0119402985075 3.49208020867e-14 0)
(0.0119402985075 3.46206365251e-14 0)
(0.0119402985075 3.42479449065e-14 0)
(0.0119402985075 3.38062027476e-14 0)
(0.0119402985075 3.32885101e-14 0)
(0.0119402985075 3.27039058066e-14 0)
(0.0119402985075 3.20454710726e-14 0)
(0.0119402985075 3.13262785675e-14 0)
(0.0119402985075 3.0537914931e-14 0)
(0.0119402985075 2.96914585735e-14 0)
(0.0119402985075 2.87884315455e-14 0)
(0.0119402985075 2.78302318717e-14 0)
(0.0119402985075 2.68214882167e-14 0)
(0.0119402985075 2.57712014753e-14 0)
(0.0119402985075 2.46631439257e-14 0)
(0.0119402985075 2.35189021992e-14 0)
(0.0119402985075 2.23310102605e-14 0)
(0.0119402985075 2.11055730132e-14 0)
(0.0119402985075 1.98444838575e-14 0)
(0.0119402985075 1.85366646493e-14 0)
(0.0119402985075 1.71845885002e-14 0)
(0.0119402985075 1.57967977936e-14 0)
(0.0119402985075 1.43482712125e-14 0)
(0.0119402985075 1.28437616572e-14 0)
(0.0119402985075 1.12594461056e-14 0)
(0.0119402985075 9.59488025494e-15 0)
(0.0119402985075 7.82823386735e-15 0)
(0.0119402985075 5.9359196464e-15 0)
(0.0119402985075 3.89026981896e-15 0)
(0.0119402985075 1.99033305048e-15 0)
(0.0130135751449 -8.28384927524e-06 0)
(0.013183700828 -5.086640198e-06 0)
(0.0131234804565 -4.90289781585e-06 0)
(0.0131389481691 -2.54588058135e-06 0)
(0.0131335735296 -1.33609968043e-06 0)
(0.0131347371171 -5.80051490608e-07 0)
(0.0131342673306 -2.41096564494e-07 0)
(0.0131343576636 -8.75760877726e-08 0)
(0.0131343197047 -2.856390964e-08 0)
(0.0131343285709 -7.10893211752e-09 0)
(0.0131343265107 -6.86479377408e-10 0)
(0.0131343278444 7.57970871953e-10 0)
(0.0131343279779 7.39698706129e-10 0)
(0.0131343282256 4.69657130759e-10 0)
(0.0131343282945 2.49373313312e-10 0)
(0.0131343283372 1.18843783693e-10 0)
(0.0131343283506 5.18716654945e-11 0)
(0.0131343283564 2.08556452914e-11 0)
(0.0131343283579 7.63644542968e-12 0)
(0.0131343283584 2.46410584223e-12 0)
(0.0131343283584 6.3456927115e-13 0)
(0.0131343283583 7.89196603253e-14 0)
(0.0131343283583 -4.27340289983e-14 0)
(0.0131343283582 -4.07723200601e-14 0)
(0.0131343283582 -1.66442431498e-14 0)
(0.0131343283582 3.12434797699e-15 0)
(0.0131343283582 1.52855219979e-14 0)
(0.0131343283582 2.19918775007e-14 0)
(0.0131343283582 2.56185113573e-14 0)
(0.0131343283582 2.7701660105e-14 0)
(0.0131343283582 2.90587933109e-14 0)
(0.0131343283582 3.0097325528e-14 0)
(0.0131343283582 3.09907068752e-14 0)
(0.0131343283582 3.18042537815e-14 0)
(0.0131343283582 3.25647863423e-14 0)
(0.0131343283582 3.32793328201e-14 0)
(0.0131343283582 3.39455769435e-14 0)
(0.0131343283582 3.45642715467e-14 0)
(0.0131343283582 3.5130810487e-14 0)
(0.0131343283582 3.56458803614e-14 0)
(0.0131343283582 3.60994650577e-14 0)
(0.0131343283582 3.64973359219e-14 0)
(0.0131343283582 3.6828421304e-14 0)
(0.0131343283582 3.70933945851e-14 0)
(0.0131343283582 3.7290248513e-14 0)
(0.0131343283582 3.7418234808e-14 0)
(0.0131343283582 3.74732807583e-14 0)
(0.0131343283582 3.74568309455e-14 0)
(0.0131343283582 3.73622232773e-14 0)
(0.0131343283582 3.71869914041e-14 0)
(0.0131343283582 3.69356022889e-14 0)
(0.0131343283582 3.66104271264e-14 0)
(0.0131343283582 3.62103636347e-14 0)
(0.0131343283582 3.57299567871e-14 0)
(0.0131343283582 3.51765419233e-14 0)
(0.0131343283582 3.45443680157e-14 0)
(0.0131343283582 3.38406988926e-14 0)
(0.0131343283582 3.30715667489e-14 0)
(0.0131343283582 3.22314566593e-14 0)
(0.0131343283582 3.13317949007e-14 0)
(0.0131343283582 3.03681541003e-14 0)
(0.0131343283582 2.93478907173e-14 0)
(0.0131343283582 2.82764511745e-14 0)
(0.0131343283582 2.71566484926e-14 0)
(0.0131343283582 2.59885544815e-14 0)
(0.0131343283582 2.47742653291e-14 0)
(0.0131343283582 2.35187731524e-14 0)
(0.0131343283582 2.22231655094e-14 0)
(0.0131343283582 2.08912457237e-14 0)
(0.0131343283582 1.95117273454e-14 0)
(0.0131343283582 1.80957457791e-14 0)
(0.0131343283582 1.66349075771e-14 0)
(0.0131343283582 1.51171797891e-14 0)
(0.0131343283582 1.35363518796e-14 0)
(0.0131343283582 1.18853719636e-14 0)
(0.0131343283582 1.01426593239e-14 0)
(0.0131343283582 8.30341894131e-15 0)
(0.0131343283582 6.32926542152e-15 0)
(0.0131343283582 4.19916124371e-15 0)
(0.0131343283582 2.18361581102e-15 0)
(0.0139130836007 -5.84346076177e-06 0)
(0.0140819833765 -4.0661646745e-06 0)
(0.014020745164 -3.75965398749e-06 0)
(0.0140354105277 -2.06430880671e-06 0)
(0.0140295391654 -1.0868074239e-06 0)
(0.01403044566 -4.85329780845e-07 0)
(0.0140298604629 -2.03171886674e-07 0)
(0.0140299033235 -7.53358590759e-08 0)
(0.0140298482035 -2.49272358339e-08 0)
(0.0140298516641 -6.47858585058e-09 0)
(0.0140298483614 -7.88401560764e-10 0)
(0.0140298496598 5.50123602569e-10 0)
(0.0140298499951 5.91658015302e-10 0)
(0.0140298504139 3.85469856987e-10 0)
(0.0140298505866 2.07679215126e-10 0)
(0.014029850683 9.99618658108e-11 0)
(0.0140298507215 4.4024313462e-11 0)
(0.0140298507381 1.78616433494e-11 0)
(0.0140298507439 6.61522365314e-12 0)
(0.0140298507459 2.17234663356e-12 0)
(0.0140298507464 5.81598431283e-13 0)
(0.0140298507464 8.84825393632e-14 0)
(0.0140298507464 -2.53785206405e-14 0)
(0.0140298507463 -2.84437795367e-14 0)
(0.0140298507463 -9.85250907906e-15 0)
(0.0140298507463 6.29946037682e-15 0)
(0.0140298507463 1.64938493971e-14 0)
(0.0140298507463 2.22570265053e-14 0)
(0.0140298507463 2.54545877581e-14 0)
(0.0140298507463 2.73583672635e-14 0)
(0.0140298507463 2.86437622987e-14 0)
(0.0140298507463 2.96499554271e-14 0)
(0.0140298507463 3.05207316847e-14 0)
(0.0140298507463 3.13209600664e-14 0)
(0.0140298507463 3.20671038575e-14 0)
(0.0140298507463 3.27696711485e-14 0)
(0.0140298507463 3.34232314896e-14 0)
(0.0140298507463 3.40292272373e-14 0)
(0.0140298507463 3.45790809319e-14 0)
(0.0140298507463 3.50828720602e-14 0)
(0.0140298507463 3.55268975634e-14 0)
(0.0140298507463 3.59122526946e-14 0)
(0.0140298507463 3.62334671525e-14 0)
(0.0140298507463 3.64869723788e-14 0)
(0.0140298507463 3.66729408514e-14 0)
(0.0140298507463 3.67920608203e-14 0)
(0.0140298507463 3.68344706244e-14 0)
(0.0140298507463 3.68083494656e-14 0)
(0.0140298507463 3.67068033041e-14 0)
(0.0140298507463 3.65272194265e-14 0)
(0.0140298507463 3.6273196307e-14 0)
(0.0140298507463 3.59428305398e-14 0)
(0.0140298507463 3.55407289e-14 0)
(0.0140298507463 3.50566512825e-14 0)
(0.0140298507463 3.45098932273e-14 0)
(0.0140298507463 3.38735090237e-14 0)
(0.0140298507463 3.31713633588e-14 0)
(0.0140298507463 3.24077318353e-14 0)
(0.0140298507463 3.15760736097e-14 0)
(0.0140298507463 3.06846302785e-14 0)
(0.0140298507463 2.97301903245e-14 0)
(0.0140298507463 2.87217391877e-14 0)
(0.0140298507463 2.76646618776e-14 0)
(0.0140298507463 2.65618413717e-14 0)
(0.0140298507463 2.54132564708e-14 0)
(0.0140298507463 2.42145206317e-14 0)
(0.0140298507463 2.29835231193e-14 0)
(0.0140298507463 2.17103374491e-14 0)
(0.0140298507463 2.04064683053e-14 0)
(0.0140298507463 1.90594921721e-14 0)
(0.0140298507463 1.7675822428e-14 0)
(0.0140298507463 1.62454846739e-14 0)
(0.0140298507463 1.47784410774e-14 0)
(0.0140298507463 1.32365111667e-14 0)
(0.0140298507463 1.16383279419e-14 0)
(0.0140298507463 9.9465600354e-15 0)
(0.0140298507463 8.17457848727e-15 0)
(0.0140298507463 6.26310284618e-15 0)
(0.0140298507463 4.20269793338e-15 0)
(0.0140298507463 2.22238324007e-15 0)
(0.0145128287258 -3.47189694635e-06 0)
(0.0146808811581 -2.60700059813e-06 0)
(0.014619032888 -2.35918746758e-06 0)
(0.0146331172886 -1.33975296058e-06 0)
(0.0146268949941 -7.08005568385e-07 0)
(0.0146276059508 -3.21662251677e-07 0)
(0.0146269324284 -1.35414525572e-07 0)
(0.0146269375108 -5.08474887255e-08 0)
(0.0146268685139 -1.69877518178e-08 0)
(0.014626867409 -4.52900116029e-09 0)
(0.0146268629792 -6.17603505842e-10 0)
(0.0146268641781 3.27913221821e-10 0)
(0.0146268646436 3.80387818477e-10 0)
(0.0146268651863 2.52387052277e-10 0)
(0.0146268654371 1.37327300355e-10 0)
(0.0146268655749 6.65420971921e-11 0)
(0.0146268656332 2.94802559958e-11 0)
(0.0146268656583 1.20328173855e-11 0)
(0.0146268656676 4.49060595982e-12 0)
(0.0146268656708 1.49273538646e-12 0)
(0.0146268656717 4.11155973651e-13 0)
(0.0146268656718 7.17457450521e-14 0)
(0.0146268656718 -8.95938580269e-15 0)
(0.0146268656717 -1.28981541761e-14 0)
(0.0146268656717 -1.10023464833e-15 0)
(0.0146268656717 9.60885183207e-15 0)
(0.0146268656716 1.65471551787e-14 0)
(0.0146268656716 2.05998099366e-14 0)
(0.0146268656716 2.29502190569e-14 0)
(0.0146268656716 2.44343420335e-14 0)
(0.0146268656716 2.54939246624e-14 0)
(0.0146268656716 2.63640813834e-14 0)
(0.0146268656716 2.7126465183e-14 0)
(0.0146268656716 2.783999978e-14 0)
(0.0146268656716 2.8499234596e-14 0)
(0.0146268656716 2.91219201135e-14 0)
(0.0146268656716 2.9698365458e-14 0)
(0.0146268656716 3.02332456473e-14 0)
(0.0146268656716 3.07188364344e-14 0)
(0.0146268656716 3.11611242117e-14 0)
(0.0146268656716 3.15456758666e-14 0)
(0.0146268656716 3.1881570561e-14 0)
(0.0146268656716 3.21612565924e-14 0)
(0.0146268656716 3.23808517378e-14 0)
(0.0146268656716 3.25308005008e-14 0)
(0.0146268656716 3.26247824673e-14 0)
(0.0146268656716 3.26551223834e-14 0)
(0.0146268656716 3.26195599457e-14 0)
(0.0146268656716 3.25194283604e-14 0)
(0.0146268656716 3.23462817391e-14 0)
(0.0146268656716 3.21147555087e-14 0)
(0.0146268656716 3.18140379845e-14 0)
(0.0146268656716 3.14447745445e-14 0)
(0.0146268656716 3.1011170507e-14 0)
(0.0146268656716 3.05090430425e-14 0)
(0.0146268656716 2.99403186092e-14 0)
(0.0146268656716 2.93088833981e-14 0)
(0.0146268656716 2.86174707999e-14 0)
(0.0146268656716 2.78781931103e-14 0)
(0.0146268656716 2.70744245374e-14 0)
(0.0146268656716 2.6225123181e-14 0)
(0.0146268656716 2.53244457702e-14 0)
(0.0146268656716 2.43866611135e-14 0)
(0.0146268656716 2.34050230382e-14 0)
(0.0146268656716 2.23835224299e-14 0)
(0.0146268656716 2.13204567518e-14 0)
(0.0146268656716 2.02336865366e-14 0)
(0.0146268656716 1.91028098761e-14 0)
(0.0146268656716 1.79553361404e-14 0)
(0.0146268656716 1.67627804649e-14 0)
(0.0146268656716 1.55503591682e-14 0)
(0.0146268656716 1.42903134653e-14 0)
(0.0146268656716 1.30081085004e-14 0)
(0.0146268656716 1.16579022115e-14 0)
(0.0146268656716 1.02609038081e-14 0)
(0.0146268656716 8.78899859246e-15 0)
(0.0146268656716 7.24880231671e-15 0)
(0.0146268656716 5.58829459005e-15 0)
(0.0146268656716 3.79125729278e-15 0)
(0.0146268656716 2.03767912218e-15 0)
(0.0148127160704 -1.1512515547e-06 0)
(0.0149803427838 -8.96274653697e-07 0)
(0.0149182088203 -8.0364936987e-07 0)
(0.0149319904001 -4.6370769033e-07 0)
(0.0149255868811 -2.45612543367e-07 0)
(0.0149261928162 -1.12506227413e-07 0)
(0.0149254715749 -4.75061631149e-08 0)
(0.0149254558296 -1.79457658665e-08 0)
(0.0149253791054 -6.02455519107e-09 0)
(0.0149253754025 -1.62535513522e-09 0)
(0.0149253703085 -2.32718866506e-10 0)
(0.0149253714308 1.08304358185e-10 0)
(0.0149253719589 1.31016574015e-10 0)
(0.0149253725662 8.77571615784e-11 0)
(0.014925372859 4.79905913527e-11 0)
(0.0149253730192 2.33342673952e-11 0)
(0.0149253730882 1.03709834137e-11 0)
(0.0149253731181 4.24871124239e-12 0)
(0.0149253731293 1.59498986826e-12 0)
(0.0149253731332 5.37237835754e-13 0)
(0.0149253731343 1.5442948803e-13 0)
(0.0149253731345 3.38578209849e-14 0)
(0.0149253731345 5.06145560362e-15 0)
(0.0149253731344 3.71066453384e-15 0)
(0.0149253731344 8.09916053002e-15 0)
(0.0149253731344 1.22031463798e-14 0)
(0.0149253731343 1.5002131158e-14 0)
(0.0149253731343 1.68032217142e-14 0)
(0.0149253731343 1.799037601e-14 0)
(0.0149253731343 1.88657561164e-14 0)
(0.0149253731343 1.95719094999e-14 0)
(0.0149253731343 2.0203704583e-14 0)
(0.0149253731343 2.07786406544e-14 0)
(0.0149253731343 2.13272432256e-14 0)
(0.0149253731343 2.1824510449e-14 0)
(0.0149253731343 2.22978322438e-14 0)
(0.0149253731343 2.27343763364e-14 0)
(0.0149253731343 2.31414737049e-14 0)
(0.0149253731343 2.35046977597e-14 0)
(0.0149253731343 2.38366380307e-14 0)
(0.0149253731343 2.41243716353e-14 0)
(0.0149253731343 2.43782565234e-14 0)
(0.0149253731343 2.45815655542e-14 0)
(0.0149253731343 2.47387842969e-14 0)
(0.0149253731343 2.4840266234e-14 0)
(0.0149253731343 2.49013057601e-14 0)
(0.0149253731343 2.49115457694e-14 0)
(0.0149253731343 2.48719476863e-14 0)
(0.0149253731343 2.47803038758e-14 0)
(0.0149253731343 2.46380357452e-14 0)
(0.0149253731343 2.4445595132e-14 0)
(0.0149253731343 2.42058501811e-14 0)
(0.0149253731343 2.39122565552e-14 0)
(0.0149253731343 2.35735875739e-14 0)
(0.0149253731343 2.31774048391e-14 0)
(0.0149253731343 2.27337854161e-14 0)
(0.0149253731343 2.22421580639e-14 0)
(0.0149253731343 2.17053366887e-14 0)
(0.0149253731343 2.11323027653e-14 0)
(0.0149253731343 2.05129635027e-14 0)
(0.0149253731343 1.98578362143e-14 0)
(0.0149253731343 1.91660402621e-14 0)
(0.0149253731343 1.84481021748e-14 0)
(0.0149253731343 1.76931725954e-14 0)
(0.0149253731343 1.69154507564e-14 0)
(0.0149253731343 1.61055110598e-14 0)
(0.0149253731343 1.52809669797e-14 0)
(0.0149253731343 1.44219665513e-14 0)
(0.0149253731343 1.35511787911e-14 0)
(0.0149253731343 1.26503939164e-14 0)
(0.0149253731343 1.17341412894e-14 0)
(0.0149253731343 1.07870604273e-14 0)
(0.0149253731343 9.82523922346e-15 0)
(0.0149253731343 8.81100457822e-15 0)
(0.0149253731343 7.77016445879e-15 0)
(0.0149253731343 6.67159268375e-15 0)
(0.0149253731343 5.52933463209e-15 0)
(0.0149253731343 4.29713374619e-15 0)
(0.0149253731343 2.95673038714e-15 0)
(0.0149253731343 1.61950613424e-15 0)
(0.0148127160704 1.15125155518e-06 0)
(0.0149803427838 8.96274654797e-07 0)
(0.0149182088203 8.03649371612e-07 0)
(0.0149319904001 4.63707692774e-07 0)
(0.0149255868811 2.45612546537e-07 0)
(0.0149261928162 1.12506231356e-07 0)
(0.0149254715749 4.75061678545e-08 0)
(0.0149254558296 1.79457714712e-08 0)
(0.0149253791054 6.02456170864e-09 0)
(0.0149253754025 1.62536258405e-09 0)
(0.0149253703085 2.32727264728e-10 0)
(0.0149253714308 -1.08294956292e-10 0)
(0.0149253719589 -1.31006151363e-10 0)
(0.0149253725662 -8.77456787198e-11 0)
(0.014925372859 -4.79780409386e-11 0)
(0.0149253730192 -2.332060524e-11 0)
(0.0149253730882 -1.0356195211e-11 0)
(0.0149253731181 -4.23278572331e-12 0)
(0.0149253731293 -1.5779276663e-12 0)
(0.0149253731332 -5.19026711236e-13 0)
(0.0149253731343 -1.35069324469e-13 0)
(0.0149253731345 -1.33188351883e-14 0)
(0.0149253731345 1.66286249678e-14 0)
(0.0149253731344 1.91303322843e-14 0)
(0.0149253731344 1.58749771189e-14 0)
(0.0149253731344 1.2903207117e-14 0)
(0.0149253731343 1.119619762e-14 0)
(0.0149253731343 1.04792534195e-14 0)
(0.0149253731343 1.0330028847e-14 0)
(0.0149253731343 1.04639113819e-14 0)
(0.0149253731343 1.07167652945e-14 0)
(0.0149253731343 1.10112957882e-14 0)
(0.0149253731343 1.13147694927e-14 0)
(0.0149253731343 1.16090443161e-14 0)
(0.0149253731343 1.18777844471e-14 0)
(0.0149253731343 1.21337960242e-14 0)
(0.0149253731343 1.23635234386e-14 0)
(0.0149253731343 1.25812366362e-14 0)
(0.0149253731343 1.27647544368e-14 0)
(0.0149253731343 1.29396663327e-14 0)
(0.0149253731343 1.3082206692e-14 0)
(0.0149253731343 1.32140979553e-14 0)
(0.0149253731343 1.33070263599e-14 0)
(0.0149253731343 1.33751003393e-14 0)
(0.0149253731343 1.34179555347e-14 0)
(0.0149253731343 1.34332632446e-14 0)
(0.0149253731343 1.34182355153e-14 0)
(0.0149253731343 1.33831179528e-14 0)
(0.0149253731343 1.33077920857e-14 0)
(0.0149253731343 1.32156621791e-14 0)
(0.0149253731343 1.30913947076e-14 0)
(0.0149253731343 1.29524656539e-14 0)
(0.0149253731343 1.27804398566e-14 0)
(0.0149253731343 1.2581953715e-14 0)
(0.0149253731343 1.23528780823e-14 0)
(0.0149253731343 1.21023602066e-14 0)
(0.0149253731343 1.18236212772e-14 0)
(0.0149253731343 1.15239347656e-14 0)
(0.0149253731343 1.12050039761e-14 0)
(0.0149253731343 1.08651647779e-14 0)
(0.0149253731343 1.05063782183e-14 0)
(0.0149253731343 1.0127171839e-14 0)
(0.0149253731343 9.74031498315e-15 0)
(0.0149253731343 9.33101969874e-15 0)
(0.0149253731343 8.91291207284e-15 0)
(0.0149253731343 8.47968412402e-15 0)
(0.0149253731343 8.03902589268e-15 0)
(0.0149253731343 7.58133414664e-15 0)
(0.0149253731343 7.11769856255e-15 0)
(0.0149253731343 6.64632597228e-15 0)
(0.0149253731343 6.16530746797e-15 0)
(0.0149253731343 5.67098802281e-15 0)
(0.0149253731343 5.1761400257e-15 0)
(0.0149253731343 4.6514147702e-15 0)
(0.0149253731343 4.11807075024e-15 0)
(0.0149253731343 3.55593777503e-15 0)
(0.0149253731343 2.97711417662e-15 0)
(0.0149253731343 2.35344816231e-15 0)
(0.0149253731343 1.66283100675e-15 0)
(0.0149253731343 9.42583406597e-16 0)
(0.0145128287258 3.47189694674e-06 0)
(0.0146808811581 2.60700059905e-06 0)
(0.014619032888 2.35918746903e-06 0)
(0.0146331172886 1.3397529626e-06 0)
(0.0146268949941 7.08005571016e-07 0)
(0.0146276059508 3.21662254943e-07 0)
(0.0146269324284 1.354145295e-07 0)
(0.0146269375108 5.08474933688e-08 0)
(0.0146268685139 1.69877572078e-08 0)
(0.014626867409 4.52900733295e-09 0)
(0.0146268629792 6.17610455594e-10 0)
(0.0146268641781 -3.27905437194e-10 0)
(0.0146268646436 -3.80379187814e-10 0)
(0.0146268651863 -2.52377549339e-10 0)
(0.0146268654371 -1.37316909572e-10 0)
(0.0146268655749 -6.65307904662e-11 0)
(0.0146268656332 -2.94680179018e-11 0)
(0.0146268656583 -1.20196349008e-11 0)
(0.0146268656676 -4.47648778812e-12 0)
(0.0146268656708 -1.47766918066e-12 0)
(0.0146268656717 -3.95131339309e-13 0)
(0.0146268656718 -5.47486362844e-14 0)
(0.0146268656718 2.69177762282e-14 0)
(0.0146268656717 3.18183647975e-14 0)
(0.0146268656717 2.09616526469e-14 0)
(0.0146268656717 1.1192427808e-14 0)
(0.0146268656717 5.17575434355e-15 0)
(0.0146268656716 2.02174142285e-15 0)
(0.0146268656716 5.45499690887e-16 0)
(0.0146268656716 -9.79126447907e-17 0)
(0.0146268656716 -3.57478134945e-16 0)
(0.0146268656716 -4.51911669276e-16 0)
(0.0146268656716 -4.86302845204e-16 0)
(0.0146268656716 -5.00426852786e-16 0)
(0.0146268656716 -5.16807358807e-16 0)
(0.0146268656716 -5.32291250181e-16 0)
(0.0146268656716 -5.58021079149e-16 0)
(0.0146268656716 -5.76071177309e-16 0)
(0.0146268656716 -6.07674670388e-16 0)
(0.0146268656716 -6.2924226378e-16 0)
(0.0146268656716 -6.62731967228e-16 0)
(0.0146268656716 -6.84809795314e-16 0)
(0.0146268656716 -7.22602311299e-16 0)
(0.0146268656716 -7.54691548655e-16 0)
(0.0146268656716 -7.89913119783e-16 0)
(0.0146268656716 -8.27562270845e-16 0)
(0.0146268656716 -8.64091788404e-16 0)
(0.0146268656716 -8.93215015432e-16 0)
(0.0146268656716 -9.35872201995e-16 0)
(0.0146268656716 -9.6242838172e-16 0)
(0.0146268656716 -9.94059672112e-16 0)
(0.0146268656716 -1.00707164091e-15 0)
(0.0146268656716 -1.02463153921e-15 0)
(0.0146268656716 -1.03619050306e-15 0)
(0.0146268656716 -1.05650409623e-15 0)
(0.0146268656716 -1.05788133395e-15 0)
(0.0146268656716 -1.06443807627e-15 0)
(0.0146268656716 -1.06832197419e-15 0)
(0.0146268656716 -1.06084398205e-15 0)
(0.0146268656716 -1.05300161385e-15 0)
(0.0146268656716 -1.03799295855e-15 0)
(0.0146268656716 -1.02060707804e-15 0)
(0.0146268656716 -9.95669583963e-16 0)
(0.0146268656716 -9.70525210325e-16 0)
(0.0146268656716 -9.42601886939e-16 0)
(0.0146268656716 -9.09819319331e-16 0)
(0.0146268656716 -8.69463147903e-16 0)
(0.0146268656716 -8.33430101731e-16 0)
(0.0146268656716 -7.83236370579e-16 0)
(0.0146268656716 -7.32928918135e-16 0)
(0.0146268656716 -6.71006395324e-16 0)
(0.0146268656716 -6.10517756851e-16 0)
(0.0146268656716 -5.36147941138e-16 0)
(0.0146268656716 -4.59468987345e-16 0)
(0.0146268656716 -3.78193693647e-16 0)
(0.0146268656716 -2.82140509431e-16 0)
(0.0146268656716 -1.74426987251e-16 0)
(0.0146268656716 -6.40465326348e-17 0)
(0.0146268656716 3.27086581292e-17 0)
(0.0146268656716 6.27337728897e-17 0)
(0.0139130836007 5.84346076204e-06 0)
(0.0140819833765 4.06616467509e-06 0)
(0.014020745164 3.7596539884e-06 0)
(0.0140354105277 2.06430880798e-06 0)
(0.0140295391654 1.08680742555e-06 0)
(0.01403044566 4.85329782874e-07 0)
(0.0140298604629 2.03171889121e-07 0)
(0.0140299033235 7.53358619556e-08 0)
(0.0140298482035 2.4927239179e-08 0)
(0.0140298516641 6.4785896703e-09 0)
(0.0140298483614 7.88405862638e-10 0)
(0.0140298496598 -5.50118786136e-10 0)
(0.0140298499951 -5.9165266143e-10 0)
(0.0140298504139 -3.85463969341e-10 0)
(0.0140298505866 -2.07672783634e-10 0)
(0.014029850683 -9.99548619576e-11 0)
(0.0140298507215 -4.40167383307e-11 0)
(0.0140298507381 -1.78534798972e-11 0)
(0.0140298507439 -6.60647904942e-12 0)
(0.0140298507459 -2.16300908302e-12 0)
(0.0140298507464 -5.71662790524e-13 0)
(0.0140298507464 -7.7935872007e-14 0)
(0.0140298507464 3.65354373835e-14 0)
(0.0140298507463 4.02012389271e-14 0)
(0.0140298507463 2.22093011655e-14 0)
(0.0140298507463 6.65149369407e-15 0)
(0.0140298507463 -2.95051993739e-15 0)
(0.0140298507463 -8.14853133818e-15 0)
(0.0140298507463 -1.07804995051e-14 0)
(0.0140298507463 -1.21425080842e-14 0)
(0.0140298507463 -1.2914083888e-14 0)
(0.0140298507463 -1.34272106213e-14 0)
(0.0140298507463 -1.38371896618e-14 0)
(0.0140298507463 -1.41914794884e-14 0)
(0.0140298507463 -1.4533123911e-14 0)
(0.0140298507463 -1.48552270716e-14 0)
(0.0140298507463 -1.51656186867e-14 0)
(0.0140298507463 -1.54474026241e-14 0)
(0.0140298507463 -1.57172748934e-14 0)
(0.0140298507463 -1.59569366149e-14 0)
(0.0140298507463 -1.61909711424e-14 0)
(0.0140298507463 -1.63814795428e-14 0)
(0.0140298507463 -1.65639414846e-14 0)
(0.0140298507463 -1.67077785949e-14 0)
(0.0140298507463 -1.68261528108e-14 0)
(0.0140298507463 -1.69133217451e-14 0)
(0.0140298507463 -1.69738551317e-14 0)
(0.0140298507463 -1.69932147923e-14 0)
(0.0140298507463 -1.69923860862e-14 0)
(0.0140298507463 -1.69399898078e-14 0)
(0.0140298507463 -1.68599878715e-14 0)
(0.0140298507463 -1.67237746416e-14 0)
(0.0140298507463 -1.65639268325e-14 0)
(0.0140298507463 -1.63588455481e-14 0)
(0.0140298507463 -1.61371426759e-14 0)
(0.0140298507463 -1.5854379562e-14 0)
(0.0140298507463 -1.55508459729e-14 0)
(0.0140298507463 -1.5210833996e-14 0)
(0.0140298507463 -1.48358316918e-14 0)
(0.0140298507463 -1.44273011983e-14 0)
(0.0140298507463 -1.39884565501e-14 0)
(0.0140298507463 -1.35214285245e-14 0)
(0.0140298507463 -1.30313137876e-14 0)
(0.0140298507463 -1.25155431997e-14 0)
(0.0140298507463 -1.19777501143e-14 0)
(0.0140298507463 -1.14137735681e-14 0)
(0.0140298507463 -1.08333088716e-14 0)
(0.0140298507463 -1.02399926605e-14 0)
(0.0140298507463 -9.61447101559e-15 0)
(0.0140298507463 -8.97265615512e-15 0)
(0.0140298507463 -8.30873545365e-15 0)
(0.0140298507463 -7.62462873255e-15 0)
(0.0140298507463 -6.91219470969e-15 0)
(0.0140298507463 -6.17002753689e-15 0)
(0.0140298507463 -5.40116077213e-15 0)
(0.0140298507463 -4.58063606892e-15 0)
(0.0140298507463 -3.71155224547e-15 0)
(0.0140298507463 -2.79553803509e-15 0)
(0.0140298507463 -1.82942766898e-15 0)
(0.0140298507463 -9.57985330649e-16 0)
(0.0130135751449 8.28384927534e-06 0)
(0.013183700828 5.08664019815e-06 0)
(0.0131234804565 4.90289781607e-06 0)
(0.0131389481691 2.54588058163e-06 0)
(0.0131335735296 1.33609968078e-06 0)
(0.0131347371171 5.80051491027e-07 0)
(0.0131342673306 2.41096564999e-07 0)
(0.0131343576636 8.75760883672e-08 0)
(0.0131343197047 2.85639103317e-08 0)
(0.0131343285709 7.10893290577e-09 0)
(0.0131343265107 6.86480263552e-10 0)
(0.0131343278444 -7.57969886775e-10 0)
(0.0131343279779 -7.39697609635e-10 0)
(0.0131343282256 -4.69655932943e-10 0)
(0.0131343282945 -2.49372006564e-10 0)
(0.0131343283372 -1.18842357561e-10 0)
(0.0131343283506 -5.18701214396e-11 0)
(0.0131343283564 -2.08539830648e-11 0)
(0.0131343283579 -7.63465414575e-12 0)
(0.0131343283584 -2.46219065274e-12 0)
(0.0131343283584 -6.32522406761e-13 0)
(0.0131343283583 -7.67311414508e-14 0)
(0.0131343283583 4.50730846885e-14 0)
(0.0131343283582 4.3261107663e-14 0)
(0.0131343283582 1.92897646352e-14 0)
(0.0131343283582 -3.35164971603e-16 0)
(0.0131343283582 -1.23345033953e-14 0)
(0.0131343283582 -1.88908853364e-14 0)
(0.0131343283582 -2.23605284263e-14 0)
(0.0131343283582 -2.42955667979e-14 0)
(0.0131343283582 -2.55209113818e-14 0)
(0.0131343283582 -2.64268337133e-14 0)
(0.0131343283582 -2.7195277178e-14 0)
(0.0131343283582 -2.78971119489e-14 0)
(0.0131343283582 -2.85552216173e-14 0)
(0.0131343283582 -2.91794306288e-14 0)
(0.0131343283582 -2.97746323334e-14 0)
(0.0131343283582 -3.03170101459e-14 0)
(0.0131343283582 -3.08287147241e-14 0)
(0.0131343283582 -3.12866514854e-14 0)
(0.0131343283582 -3.17115050174e-14 0)
(0.0131343283582 -3.20672145044e-14 0)
(0.0131343283582 -3.23903059337e-14 0)
(0.0131343283582 -3.26367271574e-14 0)
(0.0131343283582 -3.28444687015e-14 0)
(0.0131343283582 -3.29715245129e-14 0)
(0.0131343283582 -3.30546062513e-14 0)
(0.0131343283582 -3.30565581533e-14 0)
(0.0131343283582 -3.30053738838e-14 0)
(0.0131343283582 -3.28701185528e-14 0)
(0.0131343283582 -3.267608396e-14 0)
(0.0131343283582 -3.23890627034e-14 0)
(0.0131343283582 -3.20466932223e-14 0)
(0.0131343283582 -3.16253007646e-14 0)
(0.0131343283582 -3.11507354999e-14 0)
(0.0131343283582 -3.05848695893e-14 0)
(0.0131343283582 -2.99655609605e-14 0)
(0.0131343283582 -2.92781301031e-14 0)
(0.0131343283582 -2.85319703775e-14 0)
(0.0131343283582 -2.77199093353e-14 0)
(0.0131343283582 -2.68555953675e-14 0)
(0.0131343283582 -2.59362404217e-14 0)
(0.0131343283582 -2.49781437953e-14 0)
(0.0131343283582 -2.39667736728e-14 0)
(0.0131343283582 -2.29169047468e-14 0)
(0.0131343283582 -2.18248434039e-14 0)
(0.0131343283582 -2.07039549403e-14 0)
(0.0131343283582 -1.95502345081e-14 0)
(0.0131343283582 -1.83599911985e-14 0)
(0.0131343283582 -1.71256249631e-14 0)
(0.0131343283582 -1.58654416612e-14 0)
(0.0131343283582 -1.45640897212e-14 0)
(0.0131343283582 -1.3214439125e-14 0)
(0.0131343283582 -1.18193418097e-14 0)
(0.0131343283582 -1.03669570675e-14 0)
(0.0131343283582 -8.836114421e-15 0)
(0.0131343283582 -7.22447350782e-15 0)
(0.0131343283582 -5.51868895488e-15 0)
(0.0131343283582 -3.69432706692e-15 0)
(0.0131343283582 -1.99438117939e-15 0)
(0.0118145613147 1.07764298687e-05 0)
(0.0119861082256 5.4564158622e-06 0)
(0.0119274589658 5.6900933913e-06 0)
(0.0119438441437 2.70983491859e-06 0)
(0.0119390746485 1.42500804314e-06 0)
(0.0119405137556 5.92382396888e-07 0)
(0.0119401680733 2.44708964741e-07 0)
(0.0119403059193 8.61174469875e-08 0)
(0.0119402848123 2.75755678181e-08 0)
(0.0119402985477 6.39530897827e-09 0)
(0.0119402974537 3.532371364e-10 0)
(0.0119402986717 -9.15280893672e-10 0)
(0.0119402985391 -8.02191684944e-10 0)
(0.0119402985884 -4.93439462494e-10 0)
(0.0119402985437 -2.57027853655e-10 0)
(0.0119402985294 -1.20891898399e-10 0)
(0.0119402985168 -5.21219183527e-11 0)
(0.0119402985117 -2.06987298513e-11 0)
(0.0119402985091 -7.461429945e-12 0)
(0.0119402985081 -2.35206570203e-12 0)
(0.0119402985076 -5.76468595672e-13 0)
(0.0119402985075 -5.38994546501e-14 0)
(0.0119402985075 5.04722301508e-14 0)
(0.0119402985075 4.02785462497e-14 0)
(0.0119402985075 1.24695784185e-14 0)
(0.0119402985075 -8.90726347961e-15 0)
(0.0119402985075 -2.17853627714e-14 0)
(0.0119402985075 -2.88698955627e-14 0)
(0.0119402985075 -3.2746283988e-14 0)
(0.0119402985075 -3.50351870023e-14 0)
(0.0119402985075 -3.65890975772e-14 0)
(0.0119402985075 -3.78225255246e-14 0)
(0.0119402985075 -3.88994794347e-14 0)
(0.0119402985075 -3.98965968956e-14 0)
(0.0119402985075 -4.08356280743e-14 0)
(0.0119402985075 -4.17207029054e-14 0)
(0.0119402985075 -4.25627902805e-14 0)
(0.0119402985075 -4.33316814248e-14 0)
(0.0119402985075 -4.40515805015e-14 0)
(0.0119402985075 -4.46960462185e-14 0)
(0.0119402985075 -4.52828084859e-14 0)
(0.0119402985075 -4.57835890253e-14 0)
(0.0119402985075 -4.62244128971e-14 0)
(0.0119402985075 -4.65640957133e-14 0)
(0.0119402985075 -4.68381896427e-14 0)
(0.0119402985075 -4.70107005556e-14 0)
(0.0119402985075 -4.71070399143e-14 0)
(0.0119402985075 -4.70837288439e-14 0)
(0.0119402985075 -4.69871997362e-14 0)
(0.0119402985075 -4.67761870221e-14 0)
(0.0119402985075 -4.64753521219e-14 0)
(0.0119402985075 -4.60521934242e-14 0)
(0.0119402985075 -4.55434375669e-14 0)
(0.0119402985075 -4.49302796168e-14 0)
(0.0119402985075 -4.42285315253e-14 0)
(0.0119402985075 -4.34096007845e-14 0)
(0.0119402985075 -4.2512631283e-14 0)
(0.0119402985075 -4.15165960609e-14 0)
(0.0119402985075 -4.04403561955e-14 0)
(0.0119402985075 -3.92750304747e-14 0)
(0.0119402985075 -3.803346898e-14 0)
(0.0119402985075 -3.67176468798e-14 0)
(0.0119402985075 -3.53438474837e-14 0)
(0.0119402985075 -3.39015105733e-14 0)
(0.0119402985075 -3.24072491971e-14 0)
(0.0119402985075 -3.0850412605e-14 0)
(0.0119402985075 -2.92543187267e-14 0)
(0.0119402985075 -2.76144050367e-14 0)
(0.0119402985075 -2.59248020558e-14 0)
(0.0119402985075 -2.41827374075e-14 0)
(0.0119402985075 -2.23963590182e-14 0)
(0.0119402985075 -2.05601233003e-14 0)
(0.0119402985075 -1.86651334899e-14 0)
(0.0119402985075 -1.67053888434e-14 0)
(0.0119402985075 -1.46648933067e-14 0)
(0.0119402985075 -1.25228715363e-14 0)
(0.0119402985075 -1.02701556671e-14 0)
(0.0119402985075 -7.88106383084e-15 0)
(0.0119402985075 -5.31810419819e-15 0)
(0.0119402985075 -2.91144549176e-15 0)
(0.0103166917775 1.32614271098e-05 0)
(0.0104892842278 4.95258492085e-06 0)
(0.01043301377 6.02748767973e-06 0)
(0.0104502413317 2.51051481998e-06 0)
(0.0104461354041 1.34390813985e-06 0)
(0.0104478119282 5.22179243617e-07 0)
(0.0104475784224 2.15904060219e-07 0)
(0.0104477531835 7.23032006471e-08 0)
(0.0104477450829 2.26972015607e-08 0)
(0.0104477618496 4.66854528927e-09 0)
(0.0104477611378 -7.67129524398e-11 0)
(0.0104477620453 -9.74204374011e-10 0)
(0.010447761611 -7.64601472002e-10 0)
(0.0104477614639 -4.5377353273e-10 0)
(0.0104477613152 -2.30797880561e-10 0)
(0.010447761251 -1.06795246674e-10 0)
(0.0104477612166 -4.53089374665e-11 0)
(0.0104477612027 -1.77015512661e-11 0)
(0.0104477611969 -6.24558714204e-12 0)
(0.0104477611948 -1.90515115894e-12 0)
(0.0104477611941 -4.33560199389e-13 0)
(0.010447761194 -2.04333182281e-14 0)
(0.010447761194 4.96739100911e-14 0)
(0.010447761194 3.12136467908e-14 0)
(0.010447761194 2.78368019351e-15 0)
(0.010447761194 -1.77043190427e-14 0)
(0.010447761194 -2.9836819532e-14 0)
(0.010447761194 -3.65704955233e-14 0)
(0.010447761194 -4.03801921496e-14 0)
(0.010447761194 -4.27677255482e-14 0)
(0.010447761194 -4.45004726495e-14 0)
(0.010447761194 -4.59396773903e-14 0)
(0.010447761194 -4.72282383426e-14 0)
(0.010447761194 -4.84323384638e-14 0)
(0.010447761194 -4.95714408407e-14 0)
(0.010447761194 -5.06404744919e-14 0)
(0.010447761194 -5.16550909838e-14 0)
(0.010447761194 -5.25820635393e-14 0)
(0.010447761194 -5.34466747245e-14 0)
(0.010447761194 -5.42247945248e-14 0)
(0.010447761194 -5.49235255289e-14 0)
(0.010447761194 -5.5524890029e-14 0)
(0.010447761194 -5.60443565878e-14 0)
(0.010447761194 -5.64511272964e-14 0)
(0.010447761194 -5.67662992604e-14 0)
(0.010447761194 -5.69649172074e-14 0)
(0.010447761194 -5.70612481742e-14 0)
(0.010447761194 -5.70281897285e-14 0)
(0.010447761194 -5.6894112305e-14 0)
(0.010447761194 -5.66243812944e-14 0)
(0.010447761194 -5.62416931206e-14 0)
(0.010447761194 -5.57172278139e-14 0)
(0.010447761194 -5.50891313326e-14 0)
(0.010447761194 -5.43332612879e-14 0)
(0.010447761194 -5.34668251838e-14 0)
(0.010447761194 -5.24643316283e-14 0)
(0.010447761194 -5.1365392536e-14 0)
(0.010447761194 -5.0148601763e-14 0)
(0.010447761194 -4.88336243703e-14 0)
(0.010447761194 -4.74152335265e-14 0)
(0.010447761194 -4.59036087156e-14 0)
(0.010447761194 -4.43016970183e-14 0)
(0.010447761194 -4.26311553317e-14 0)
(0.010447761194 -4.08830993054e-14 0)
(0.010447761194 -3.9071043287e-14 0)
(0.010447761194 -3.71854141689e-14 0)
(0.010447761194 -3.52508601435e-14 0)
(0.010447761194 -3.32666129123e-14 0)
(0.010447761194 -3.12214644076e-14 0)
(0.010447761194 -2.91236470893e-14 0)
(0.010447761194 -2.69664402278e-14 0)
(0.010447761194 -2.4755452909e-14 0)
(0.010447761194 -2.247802599e-14 0)
(0.010447761194 -2.01195378572e-14 0)
(0.010447761194 -1.76721093409e-14 0)
(0.010447761194 -1.51042925481e-14 0)
(0.010447761194 -1.24060488933e-14 0)
(0.010447761194 -9.54194769036e-15 0)
(0.010447761194 -6.46510918867e-15 0)
(0.010447761194 -3.56565170255e-15 0)
(0.00852151405794 1.56217741986e-05 0)
(0.00869323217662 3.45768117707e-06 0)
(0.00864063774056 5.81824594586e-06 0)
(0.00865829572992 1.95301916357e-06 0)
(0.00865485644679 1.10961922816e-06 0)
(0.00865666356126 3.85281634612e-07 0)
(0.00865651164597 1.63108837033e-07 0)
(0.00865670279822 5.02000059119e-08 0)
(0.00865670132747 1.556983639e-08 0)
(0.00865671839884 2.5336539481e-09 0)
(0.00865671739381 -4.18928401475e-10 0)
(0.00865671783 -8.93361695887e-10 0)
(0.00865671711729 -6.27488462199e-10 0)
(0.00865671681347 -3.58566888507e-10 0)
(0.00865671659151 -1.7711434556e-10 0)
(0.00865671649462 -8.03689789002e-11 0)
(0.00865671644723 -3.33889113041e-11 0)
(0.00865671642849 -1.27692575845e-11 0)
(0.00865671642108 -4.37310964045e-12 0)
(0.00865671641863 -1.27190297381e-12 0)
(0.00865671641791 -2.56281060864e-13 0)
(0.00865671641778 8.55891235467e-15 0)
(0.0086567164178 4.03552862189e-14 0)
(0.00865671641785 1.74338533683e-14 0)
(0.00865671641788 -7.69685536516e-15 0)
(0.00865671641789 -2.47105016892e-14 0)
(0.0086567164179 -3.46400436971e-14 0)
(0.00865671641791 -4.0236068102e-14 0)
(0.00865671641791 -4.35457209367e-14 0)
(0.00865671641791 -4.57674354151e-14 0)
(0.00865671641791 -4.74829646075e-14 0)
(0.00865671641791 -4.89695081297e-14 0)
(0.00865671641791 -5.03262058112e-14 0)
(0.00865671641791 -5.16044479267e-14 0)
(0.00865671641791 -5.28121692772e-14 0)
(0.00865671641791 -5.39499229145e-14 0)
(0.00865671641791 -5.50251169231e-14 0)
(0.00865671641791 -5.60137081928e-14 0)
(0.00865671641791 -5.69266442916e-14 0)
(0.00865671641791 -5.77497086702e-14 0)
(0.00865671641791 -5.84876155425e-14 0)
(0.00865671641791 -5.91218990904e-14 0)
(0.00865671641791 -5.96653152498e-14 0)
(0.00865671641791 -6.00919230778e-14 0)
(0.00865671641791 -6.04204985772e-14 0)
(0.00865671641791 -6.06201543466e-14 0)
(0.00865671641791 -6.07096129587e-14 0)
(0.00865671641791 -6.06697246952e-14 0)
(0.00865671641791 -6.0510086912e-14 0)
(0.00865671641791 -6.02189025165e-14 0)
(0.00865671641791 -5.98000968454e-14 0)
(0.00865671641791 -5.92332107354e-14 0)
(0.00865671641791 -5.85554589727e-14 0)
(0.00865671641791 -5.77428433203e-14 0)
(0.00865671641791 -5.6805925244e-14 0)
(0.00865671641791 -5.57366042606e-14 0)
(0.00865671641791 -5.45564096193e-14 0)
(0.00865671641791 -5.32537217827e-14 0)
(0.00865671641791 -5.18429238307e-14 0)
(0.00865671641791 -5.03286397968e-14 0)
(0.00865671641791 -4.87154943657e-14 0)
(0.00865671641791 -4.70084359925e-14 0)
(0.00865671641791 -4.52236744052e-14 0)
(0.00865671641791 -4.33609833355e-14 0)
(0.00865671641791 -4.14280553409e-14 0)
(0.00865671641791 -3.94238801799e-14 0)
(0.00865671641791 -3.73639258968e-14 0)
(0.00865671641791 -3.52500481567e-14 0)
(0.00865671641791 -3.30824320664e-14 0)
(0.00865671641791 -3.08495984437e-14 0)
(0.00865671641791 -2.85645257331e-14 0)
(0.00865671641791 -2.62233190623e-14 0)
(0.00865671641791 -2.38059771753e-14 0)
(0.00865671641791 -2.13127330402e-14 0)
(0.00865671641791 -1.87210930646e-14 0)
(0.00865671641791 -1.60088641871e-14 0)
(0.00865671641791 -1.31633740621e-14 0)
(0.00865671641791 -1.01430709149e-14 0)
(0.00865671641791 -6.88428980902e-15 0)
(0.00865671641791 -3.8057120292e-15 0)
(0.00643273445925 1.71685361127e-05 0)
(0.00659766709766 1.29841977196e-06 0)
(0.0065510506167 4.93537436546e-06 0)
(0.00656814319847 1.14154663775e-06 0)
(0.00656533498831 7.68280461302e-07 0)
(0.00656708656441 2.16236545618e-07 0)
(0.00656697536245 1.0010899911e-07 0)
(0.00656715493119 2.60669672617e-08 0)
(0.00656715321722 8.31306200378e-09 0)
(0.00656716767043 6.96785057832e-10 0)
(0.00656716592763 -5.19714806874e-10 0)
(0.00656716586179 -6.65818833876e-10 0)
(0.00656716498333 -4.16181172963e-10 0)
(0.00656716460418 -2.28992105952e-10 0)
(0.00656716435978 -1.08942592822e-10 0)
(0.00656716425565 -4.83045252049e-11 0)
(0.00656716420717 -1.94996061221e-11 0)
(0.00656716418864 -7.24678788551e-12 0)
(0.00656716418166 -2.37530380872e-12 0)
(0.0065671641795 -6.4170761518e-13 0)
(0.00656716417895 -1.0278061093e-13 0)
(0.00656716417891 2.03399823403e-14 0)
(0.00656716417897 2.30361454832e-14 0)
(0.00656716417903 2.09560722098e-15 0)
(0.00656716417907 -1.60660672167e-14 0)
(0.00656716417909 -2.76899315308e-14 0)
(0.0065671641791 -3.44376001689e-14 0)
(0.0065671641791 -3.83757103279e-14 0)
(0.0065671641791 -4.08650306108e-14 0)
(0.0065671641791 -4.26812772991e-14 0)
(0.0065671641791 -4.41747169856e-14 0)
(0.0065671641791 -4.55217618485e-14 0)
(0.0065671641791 -4.67723392175e-14 0)
(0.0065671641791 -4.79543381558e-14 0)
(0.0065671641791 -4.90751061689e-14 0)
(0.0065671641791 -5.01322276592e-14 0)
(0.0065671641791 -5.11244439255e-14 0)
(0.0065671641791 -5.20467837352e-14 0)
(0.0065671641791 -5.2886415849e-14 0)
(0.0065671641791 -5.36481110365e-14 0)
(0.0065671641791 -5.4329763595e-14 0)
(0.0065671641791 -5.49145635108e-14 0)
(0.0065671641791 -5.5415429026e-14 0)
(0.0065671641791 -5.58078477912e-14 0)
(0.0065671641791 -5.61063498722e-14 0)
(0.0065671641791 -5.62839657628e-14 0)
(0.0065671641791 -5.63632881313e-14 0)
(0.00656716417911 -5.6318094758e-14 0)
(0.00656716417911 -5.61601642558e-14 0)
(0.00656716417911 -5.588474387e-14 0)
(0.00656716417911 -5.54872099432e-14 0)
(0.00656716417911 -5.49610254219e-14 0)
(0.00656716417911 -5.43197607534e-14 0)
(0.00656716417911 -5.35647113781e-14 0)
(0.00656716417911 -5.26844442835e-14 0)
(0.00656716417911 -5.16856441541e-14 0)
(0.00656716417911 -5.05838756718e-14 0)
(0.00656716417911 -4.93688320746e-14 0)
(0.00656716417911 -4.80566463566e-14 0)
(0.00656716417911 -4.66421404438e-14 0)
(0.00656716417911 -4.51402200963e-14 0)
(0.0065671641791 -4.35550667294e-14 0)
(0.0065671641791 -4.18917451525e-14 0)
(0.0065671641791 -4.01588257455e-14 0)
(0.0065671641791 -3.83639173458e-14 0)
(0.0065671641791 -3.6503956971e-14 0)
(0.0065671641791 -3.45894438332e-14 0)
(0.0065671641791 -3.26257278421e-14 0)
(0.0065671641791 -3.06151094206e-14 0)
(0.0065671641791 -2.85485678312e-14 0)
(0.0065671641791 -2.64282931093e-14 0)
(0.0065671641791 -2.42598166227e-14 0)
(0.0065671641791 -2.20249291006e-14 0)
(0.0065671641791 -1.97178202039e-14 0)
(0.0065671641791 -1.73217157684e-14 0)
(0.0065671641791 -1.481772443e-14 0)
(0.0065671641791 -1.21901787852e-14 0)
(0.00656716417911 -9.39946146054e-15 0)
(0.00656716417911 -6.38879109381e-15 0)
(0.00656716417911 -3.52194096946e-15 0)
(0.00405969895777 1.45972886147e-05 0)
(0.00420167916325 -4.85660773605e-07 0)
(0.00416530982784 3.26349094146e-06 0)
(0.00417982557054 3.49465481777e-07 0)
(0.00417765048058 3.96473998853e-07 0)
(0.0041790719561 6.88473327073e-08 0)
(0.00417896887218 4.34385847189e-08 0)
(0.0041791053302 7.24741434785e-09 0)
(0.00417909913116 2.86633851357e-09 0)
(0.00417910866923 -2.82604297999e-10 0)
(0.00417910635964 -3.59258980662e-10 0)
(0.00417910597388 -3.51482699581e-10 0)
(0.00417910515299 -1.90297303077e-10 0)
(0.00417910481735 -1.0084262607e-10 0)
(0.00417910461583 -4.53106177913e-11 0)
(0.0041791045338 -1.94925897392e-11 0)
(0.00417910449706 -7.50385824498e-12 0)
(0.00417910448371 -2.66401236051e-12 0)
(0.00417910447895 -8.05131818128e-13 0)
(0.00417910447763 -1.87233554264e-13 0)
(0.00417910447737 -1.3643206034e-14 0)
(0.00417910447742 1.371063305e-14 0)
(0.00417910447749 4.61453010936e-15 0)
(0.00417910447755 -8.39481524728e-15 0)
(0.00417910447758 -1.77695649278e-14 0)
(0.0041791044776 -2.3493907657e-14 0)
(0.00417910447761 -2.68774457977e-14 0)
(0.00417910447761 -2.89947425513e-14 0)
(0.00417910447761 -3.04814011987e-14 0)
(0.00417910447761 -3.16740618032e-14 0)
(0.00417910447761 -3.27215187877e-14 0)
(0.00417910447761 -3.36971121573e-14 0)
(0.00417910447761 -3.46154291458e-14 0)
(0.00417910447761 -3.54897460748e-14 0)
(0.00417910447761 -3.63177780109e-14 0)
(0.00417910447761 -3.71010995249e-14 0)
(0.00417910447761 -3.78304125848e-14 0)
(0.00417910447761 -3.851377776e-14 0)
(0.00417910447761 -3.91324022889e-14 0)
(0.00417910447761 -3.96935483444e-14 0)
(0.00417910447761 -4.01902276464e-14 0)
(0.00417910447761 -4.06225676039e-14 0)
(0.00417910447761 -4.09919011541e-14 0)
(0.00417910447761 -4.12836225623e-14 0)
(0.00417910447761 -4.14953321197e-14 0)
(0.00417910447761 -4.16254651018e-14 0)
(0.00417910447761 -4.16812495371e-14 0)
(0.00417910447761 -4.16447682793e-14 0)
(0.00417910447761 -4.15236796146e-14 0)
(0.00417910447761 -4.1318502088e-14 0)
(0.00417910447761 -4.10196064973e-14 0)
(0.00417910447761 -4.06287014555e-14 0)
(0.00417910447761 -4.01456430666e-14 0)
(0.00417910447761 -3.95864901986e-14 0)
(0.00417910447761 -3.89323368098e-14 0)
(0.00417910447761 -3.81875915159e-14 0)
(0.00417910447761 -3.73698203297e-14 0)
(0.00417910447761 -3.64707478197e-14 0)
(0.00417910447761 -3.54966156162e-14 0)
(0.00417910447761 -3.444760964e-14 0)
(0.00417910447761 -3.33339233594e-14 0)
(0.00417910447761 -3.21591229688e-14 0)
(0.00417910447761 -3.09275833199e-14 0)
(0.00417910447761 -2.96428638325e-14 0)
(0.00417910447761 -2.83161818709e-14 0)
(0.00417910447761 -2.69385708933e-14 0)
(0.00417910447761 -2.55249695441e-14 0)
(0.00417910447761 -2.40703891495e-14 0)
(0.00417910447761 -2.25818461546e-14 0)
(0.00417910447761 -2.10596851665e-14 0)
(0.00417910447761 -1.94930021066e-14 0)
(0.00417910447761 -1.78919599827e-14 0)
(0.00417910447761 -1.62442802413e-14 0)
(0.00417910447761 -1.45386410902e-14 0)
(0.00417910447761 -1.27757290252e-14 0)
(0.00417910447761 -1.09270267201e-14 0)
(0.00417910447761 -8.99076777772e-15 0)
(0.00417910447761 -6.93426968859e-15 0)
(0.00417910447761 -4.7206200131e-15 0)
(0.00417910447761 -2.58824331132e-15 0)
(0.0014252759798 2.50124366585e-06 0)
(0.00150326538368 -3.10367167277e-06 0)
(0.00148520816968 1.43687341091e-06 0)
(0.00149308414068 -2.50086936889e-07 0)
(0.00149186257786 1.22167188015e-07 0)
(0.00149256368116 -1.9066390378e-08 0)
(0.00149248332798 9.90306112104e-09 0)
(0.00149254417128 -1.88459911856e-09 0)
(0.00149253648956 5.65785720042e-10 0)
(0.00149254000069 -3.04547059039e-10 0)
(0.00149253832998 -3.1519817875e-11 0)
(0.00149253803655 -6.1897280817e-11 0)
(0.00149253761103 -1.86153733682e-11 0)
(0.00149253745675 -1.15099274446e-11 0)
(0.00149253736762 -3.8754857333e-12 0)
(0.00149253733429 -1.69987661043e-12 0)
(0.0014925373199 -5.11142503396e-13 0)
(0.00149253731515 -1.62603732492e-13 0)
(0.0014925373136 -2.82352528652e-14 0)
(0.00149253731327 -6.12574343032e-16 0)
(0.00149253731327 2.7681954286e-15 0)
(0.00149253731333 -1.19975296617e-15 0)
(0.00149253731338 -4.77941400743e-15 0)
(0.00149253731341 -7.27460399715e-15 0)
(0.00149253731342 -8.78627007981e-15 0)
(0.00149253731343 -9.72779762162e-15 0)
(0.00149253731343 -1.03688788011e-14 0)
(0.00149253731343 -1.08667258172e-14 0)
(0.00149253731343 -1.12948079827e-14 0)
(0.00149253731343 -1.16866000809e-14 0)
(0.00149253731343 -1.20575959521e-14 0)
(0.00149253731343 -1.24129586556e-14 0)
(0.00149253731343 -1.27487250841e-14 0)
(0.00149253731343 -1.30709306962e-14 0)
(0.00149253731343 -1.33751436861e-14 0)
(0.00149253731343 -1.36623782823e-14 0)
(0.00149253731343 -1.39325355679e-14 0)
(0.00149253731343 -1.41819354844e-14 0)
(0.00149253731343 -1.44119939125e-14 0)
(0.00149253731343 -1.46166949578e-14 0)
(0.00149253731343 -1.47978686012e-14 0)
(0.00149253731343 -1.49581697549e-14 0)
(0.00149253731343 -1.5090952336e-14 0)
(0.00149253731343 -1.51976918291e-14 0)
(0.00149253731343 -1.5275805733e-14 0)
(0.00149253731343 -1.53243943027e-14 0)
(0.00149253731343 -1.53424062663e-14 0)
(0.00149253731343 -1.53298018113e-14 0)
(0.00149253731343 -1.52837601495e-14 0)
(0.00149253731343 -1.52061836892e-14 0)
(0.00149253731343 -1.50955164829e-14 0)
(0.00149253731343 -1.49491630352e-14 0)
(0.00149253731343 -1.47721848255e-14 0)
(0.00149253731343 -1.45648023668e-14 0)
(0.00149253731343 -1.43232911158e-14 0)
(0.00149253731343 -1.40486023126e-14 0)
(0.00149253731343 -1.37468840367e-14 0)
(0.00149253731343 -1.34162657726e-14 0)
(0.00149253731343 -1.30559251603e-14 0)
(0.00149253731343 -1.2669417165e-14 0)
(0.00149253731343 -1.22582598895e-14 0)
(0.00149253731343 -1.18256369454e-14 0)
(0.00149253731343 -1.13721536643e-14 0)
(0.00149253731343 -1.08996144659e-14 0)
(0.00149253731343 -1.04114714735e-14 0)
(0.00149253731343 -9.90209794929e-15 0)
(0.00149253731343 -9.38296371569e-15 0)
(0.00149253731343 -8.84740984323e-15 0)
(0.00149253731343 -8.30083350765e-15 0)
(0.00149253731343 -7.73952467252e-15 0)
(0.00149253731343 -7.16482345165e-15 0)
(0.00149253731343 -6.57599281301e-15 0)
(0.00149253731343 -5.97029635442e-15 0)
(0.00149253731343 -5.34445376698e-15 0)
(0.00149253731343 -4.69818517527e-15 0)
(0.00149253731343 -4.01775021651e-15 0)
(0.00149253731343 -3.30857145276e-15 0)
(0.00149253731343 -2.55768577482e-15 0)
(0.00149253731343 -1.75488778447e-15 0)
(0.00149253731343 -9.57575081829e-16 0)
)
;

boundaryField
{
    inlet
    {
        type            fixedValue;
        value           nonuniform List<vector> 
20
(
(0.0014606741573 0 0)
(0.00415730337079 0 0)
(0.0065543071161 0 0)
(0.00865168539326 0 0)
(0.0104494382022 0 0)
(0.0119475655431 0 0)
(0.0131460674157 0 0)
(0.0140449438202 0 0)
(0.0146441947566 0 0)
(0.0149438202247 0 0)
(0.0149438202247 0 0)
(0.0146441947566 0 0)
(0.0140449438202 0 0)
(0.0131460674157 0 0)
(0.0119475655431 0 0)
(0.0104494382022 0 0)
(0.00865168539326 0 0)
(0.0065543071161 0 0)
(0.00415730337079 0 0)
(0.0014606741573 0 0)
)
;
    }
    outlet
    {
        type            zeroGradient;
    }
    walls
    {
        type            noSlip;
    }
    frontAndBack
    {
        type            empty;
    }
}


// ************************************************************************* //
