/*--------------------------------*- C++ -*----------------------------------*\
| =========                 |                                                 |
| \\      /  F ield         | OpenFOAM: The Open Source CFD Toolbox           |
|  \\    /   O peration     | Version:                                        |
|   \\  /    A nd           | Website:  www.openfoam.com                      |
|    \\/     M anipulation  |                                                 |
\*---------------------------------------------------------------------------*/
FoamFile
{
    version     2.0;
    format      ascii;
    class       volScalarField;
    location    "1000";
    object      p;
}
// * * * * * * * * * * * * * * * * * * * * * * * * * * * * * * * * * * * * * //

dimensions      [0 2 -2 0 0 0 0];


internalField   nonuniform List<scalar> 
1728
(
0.0334841581474
0.0328898080015
0.0324742744838
0.0319948391931
0.0315322258043
0.0310638096955
0.0305970672677
0.0301297760676
0.0296626672145
0.0291955126237
0.0287283814836
0.0282612484178
0.0277941190404
0.0273269900828
0.0268598617658
0.0263927335988
0.025925605535
0.0254584774973
0.0249913494713
0.0245242214467
0.0240570934218
0.0235899653959
0.0231228373693
0.0226557093421
0.0221885813147
0.0217214532872
0.0212543252595
0.0207871972319
0.0203200692042
0.0198529411765
0.0193858131489
0.0189186851212
0.0184515570935
0.0179844290658
0.0175173010381
0.0170501730104
0.0165830449828
0.0161159169551
0.0156487889274
0.0151816608997
0.014714532872
0.0142474048444
0.0137802768167
0.013313148789
0.0128460207613
0.0123788927336
0.0119117647059
0.0114446366783
0.0109775086506
0.0105103806229
0.0100432525952
0.00957612456754
0.00910899653985
0.00864186851216
0.00817474048449
0.0077076124568
0.00724048442911
0.00677335640144
0.00630622837375
0.00583910034605
0.00537197231839
0.00490484429069
0.004437716263
0.00397058823533
0.00350346020764
0.00303633217995
0.00256920415228
0.00210207612459
0.00163494809689
0.00116782006923
0.00070069204153
0.000233564013835
0.0335088047599
0.0328909216316
0.0324741207693
0.031994490978
0.0315320996364
0.0310637244172
0.0305970347239
0.0301297598269
0.0296626612845
0.0291955102609
0.0287283808206
0.0282612482862
0.0277941190883
0.0273269901519
0.0268598618209
0.0263927336336
0.0259256055549
0.0254584775077
0.0249913494765
0.0245242214491
0.0240570934228
0.0235899653963
0.0231228373694
0.0226557093421
0.0221885813147
0.0217214532872
0.0212543252595
0.0207871972319
0.0203200692042
0.0198529411765
0.0193858131489
0.0189186851212
0.0184515570935
0.0179844290658
0.0175173010381
0.0170501730104
0.0165830449828
0.0161159169551
0.0156487889274
0.0151816608997
0.014714532872
0.0142474048443
0.0137802768167
0.013313148789
0.0128460207613
0.0123788927336
0.0119117647059
0.0114446366782
0.0109775086506
0.0105103806229
0.0100432525952
0.00957612456754
0.00910899653984
0.00864186851215
0.00817474048449
0.00770761245679
0.0072404844291
0.00677335640144
0.00630622837374
0.00583910034605
0.00537197231838
0.00490484429069
0.004437716263
0.00397058823533
0.00350346020764
0.00303633217994
0.00256920415228
0.00210207612458
0.00163494809689
0.00116782006922
0.000700692041529
0.000233564013834
0.0335248271135
0.0328884740366
0.0324753133185
0.0319939126872
0.0315321042994
0.031063615271
0.0305970134956
0.0301297397422
0.0296626556081
0.0291955070087
0.0287283799195
0.0282612479339
0.027794119051
0.0273269901719
0.0268598618566
0.0263927336596
0.0259256055717
0.0254584775171
0.0249913494815
0.0245242214516
0.024057093424
0.0235899653968
0.0231228373696
0.0226557093422
0.0221885813147
0.0217214532871
0.0212543252595
0.0207871972319
0.0203200692042
0.0198529411765
0.0193858131489
0.0189186851212
0.0184515570935
0.0179844290658
0.0175173010381
0.0170501730104
0.0165830449828
0.0161159169551
0.0156487889274
0.0151816608997
0.014714532872
0.0142474048443
0.0137802768167
0.013313148789
0.0128460207613
0.0123788927336
0.0119117647059
0.0114446366782
0.0109775086506
0.0105103806229
0.0100432525952
0.00957612456753
0.00910899653984
0.00864186851214
0.00817474048448
0.00770761245679
0.00724048442909
0.00677335640143
0.00630622837374
0.00583910034604
0.00537197231838
0.00490484429069
0.00443771626299
0.00397058823533
0.00350346020763
0.00303633217994
0.00256920415228
0.00210207612458
0.00163494809689
0.00116782006922
0.000700692041528
0.000233564013834
0.0335328524501
0.0328868044175
0.0324766086358
0.0319935516102
0.0315321643147
0.0310635384954
0.0305970010259
0.0301297231498
0.0296626504659
0.0291955037075
0.0287283787842
0.0282612473988
0.027794118891
0.027326990122
0.0268598618548
0.026392733667
0.0259256055798
0.0254584775227
0.0249913494849
0.0245242214534
0.0240570934249
0.0235899653972
0.0231228373698
0.0226557093423
0.0221885813148
0.0217214532871
0.0212543252595
0.0207871972319
0.0203200692042
0.0198529411765
0.0193858131488
0.0189186851211
0.0184515570935
0.0179844290658
0.0175173010381
0.0170501730104
0.0165830449828
0.0161159169551
0.0156487889274
0.0151816608997
0.014714532872
0.0142474048443
0.0137802768167
0.013313148789
0.0128460207613
0.0123788927336
0.0119117647059
0.0114446366782
0.0109775086506
0.0105103806229
0.0100432525952
0.00957612456752
0.00910899653983
0.00864186851213
0.00817474048447
0.00770761245678
0.00724048442909
0.00677335640142
0.00630622837373
0.00583910034604
0.00537197231837
0.00490484429068
0.00443771626299
0.00397058823532
0.00350346020763
0.00303633217994
0.00256920415227
0.00210207612458
0.00163494809689
0.00116782006922
0.000700692041527
0.000233564013833
0.0335375887134
0.0328861448616
0.0324776850891
0.0319933797095
0.0315322450151
0.0310634928284
0.0305969948937
0.0301297106631
0.0296626460371
0.0291955006518
0.0287283775539
0.028261246771
0.0277941186506
0.0273269900239
0.0268598618251
0.02639273366
0.0259256055808
0.0254584775251
0.0249913494869
0.0245242214547
0.0240570934257
0.0235899653976
0.02312283737
0.0226557093424
0.0221885813148
0.0217214532872
0.0212543252595
0.0207871972319
0.0203200692042
0.0198529411765
0.0193858131488
0.0189186851211
0.0184515570934
0.0179844290658
0.0175173010381
0.0170501730104
0.0165830449827
0.016115916955
0.0156487889274
0.0151816608997
0.014714532872
0.0142474048443
0.0137802768166
0.013313148789
0.0128460207613
0.0123788927336
0.0119117647059
0.0114446366782
0.0109775086506
0.0105103806229
0.0100432525952
0.00957612456751
0.00910899653982
0.00864186851212
0.00817474048446
0.00770761245677
0.00724048442908
0.00677335640141
0.00630622837372
0.00583910034603
0.00537197231836
0.00490484429067
0.00443771626298
0.00397058823532
0.00350346020762
0.00303633217993
0.00256920415227
0.00210207612457
0.00163494809688
0.00116782006922
0.000700692041525
0.000233564013833
0.0335408790233
0.0328859692343
0.0324785505578
0.0319933233177
0.0315323339235
0.0310634697482
0.0305969939251
0.0301297018276
0.0296626424973
0.0291954979839
0.0287283763523
0.0282612461208
0.0277941183702
0.0273269898977
0.0268598617771
0.0263927336429
0.0259256055765
0.0254584775248
0.0249913494877
0.0245242214555
0.0240570934262
0.023589965398
0.0231228373702
0.0226557093425
0.0221885813148
0.0217214532872
0.0212543252595
0.0207871972318
0.0203200692042
0.0198529411765
0.0193858131488
0.0189186851211
0.0184515570934
0.0179844290658
0.0175173010381
0.0170501730104
0.0165830449827
0.016115916955
0.0156487889273
0.0151816608997
0.014714532872
0.0142474048443
0.0137802768166
0.0133131487889
0.0128460207612
0.0123788927336
0.0119117647059
0.0114446366782
0.0109775086505
0.0105103806228
0.0100432525952
0.00957612456749
0.0091089965398
0.00864186851211
0.00817474048445
0.00770761245676
0.00724048442907
0.0067733564014
0.00630622837371
0.00583910034602
0.00537197231836
0.00490484429066
0.00443771626297
0.00397058823531
0.00350346020762
0.00303633217993
0.00256920415226
0.00210207612457
0.00163494809688
0.00116782006922
0.000700692041524
0.000233564013832
0.0335432518284
0.0328860029284
0.0324792411602
0.0319933373587
0.0315324230771
0.0310634627508
0.0305969968683
0.0301296961146
0.0296626398821
0.0291954957759
0.02872837526
0.0282612454984
0.02779411808
0.0273269897592
0.026859861719
0.0263927336195
0.0259256055685
0.0254584775226
0.0249913494876
0.0245242214559
0.0240570934266
0.0235899653982
0.0231228373703
0.0226557093425
0.0221885813149
0.0217214532872
0.0212543252595
0.0207871972318
0.0203200692041
0.0198529411765
0.0193858131488
0.0189186851211
0.0184515570934
0.0179844290658
0.0175173010381
0.0170501730104
0.0165830449827
0.016115916955
0.0156487889273
0.0151816608997
0.014714532872
0.0142474048443
0.0137802768166
0.0133131487889
0.0128460207612
0.0123788927336
0.0119117647059
0.0114446366782
0.0109775086505
0.0105103806228
0.0100432525951
0.00957612456748
0.00910899653979
0.0086418685121
0.00817474048444
0.00770761245675
0.00724048442906
0.00677335640139
0.0063062283737
0.00583910034601
0.00537197231835
0.00490484429066
0.00443771626297
0.0039705882353
0.00350346020761
0.00303633217992
0.00256920415226
0.00210207612457
0.00163494809688
0.00116782006921
0.000700692041522
0.000233564013831
0.033544968825
0.0328861336384
0.0324797818438
0.0319933905688
0.0315325058958
0.0310634662512
0.0305970022337
0.0301296928654
0.0296626380965
0.0291954940392
0.0287283743243
0.0282612449403
0.0277941178044
0.0273269896222
0.026859861658
0.0263927335933
0.0259256055585
0.0254584775193
0.0249913494868
0.0245242214559
0.0240570934268
0.0235899653984
0.0231228373704
0.0226557093426
0.0221885813149
0.0217214532872
0.0212543252595
0.0207871972318
0.0203200692041
0.0198529411764
0.0193858131488
0.0189186851211
0.0184515570934
0.0179844290657
0.017517301038
0.0170501730104
0.0165830449827
0.016115916955
0.0156487889273
0.0151816608997
0.014714532872
0.0142474048443
0.0137802768166
0.0133131487889
0.0128460207612
0.0123788927336
0.0119117647059
0.0114446366782
0.0109775086505
0.0105103806228
0.0100432525951
0.00957612456747
0.00910899653978
0.00864186851209
0.00817474048443
0.00770761245674
0.00724048442905
0.00677335640138
0.00630622837369
0.005839100346
0.00537197231834
0.00490484429065
0.00443771626296
0.0039705882353
0.00350346020761
0.00303633217992
0.00256920415225
0.00210207612456
0.00163494809687
0.00116782006921
0.00070069204152
0.000233564013831
0.0335462037896
0.0328862974696
0.0324801916603
0.0319934588124
0.0315325772964
0.0310634752675
0.0305970085328
0.0301296913532
0.029662636976
0.0291954927434
0.0287283735694
0.0282612444718
0.0277941175628
0.0273269894986
0.0268598616007
0.0263927335679
0.0259256055482
0.0254584775155
0.0249913494857
0.0245242214558
0.0240570934269
0.0235899653985
0.0231228373705
0.0226557093427
0.0221885813149
0.0217214532872
0.0212543252595
0.0207871972318
0.0203200692041
0.0198529411764
0.0193858131488
0.0189186851211
0.0184515570934
0.0179844290657
0.017517301038
0.0170501730103
0.0165830449827
0.016115916955
0.0156487889273
0.0151816608996
0.0147145328719
0.0142474048443
0.0137802768166
0.0133131487889
0.0128460207612
0.0123788927336
0.0119117647059
0.0114446366782
0.0109775086505
0.0105103806228
0.0100432525951
0.00957612456746
0.00910899653977
0.00864186851208
0.00817474048442
0.00770761245673
0.00724048442904
0.00677335640138
0.00630622837369
0.005839100346
0.00537197231834
0.00490484429065
0.00443771626295
0.00397058823529
0.0035034602076
0.00303633217991
0.00256920415225
0.00210207612456
0.00163494809687
0.00116782006921
0.000700692041519
0.00023356401383
0.033547062609
0.0328864511304
0.0324804858765
0.0319935241783
0.0315326336393
0.0310634856724
0.0305970144638
0.0301296908936
0.0296626363372
0.0291954918378
0.0287283730046
0.0282612441095
0.0277941173698
0.0273269893978
0.0268598615528
0.026392733546
0.0259256055391
0.025458477512
0.0249913494845
0.0245242214555
0.0240570934269
0.0235899653986
0.0231228373706
0.0226557093427
0.0221885813149
0.0217214532872
0.0212543252595
0.0207871972318
0.0203200692041
0.0198529411764
0.0193858131488
0.0189186851211
0.0184515570934
0.0179844290657
0.017517301038
0.0170501730103
0.0165830449827
0.016115916955
0.0156487889273
0.0151816608996
0.0147145328719
0.0142474048443
0.0137802768166
0.0133131487889
0.0128460207612
0.0123788927335
0.0119117647059
0.0114446366782
0.0109775086505
0.0105103806228
0.0100432525951
0.00957612456746
0.00910899653977
0.00864186851208
0.00817474048442
0.00770761245673
0.00724048442904
0.00677335640137
0.00630622837368
0.00583910034599
0.00537197231833
0.00490484429064
0.00443771626295
0.00397058823529
0.0035034602076
0.00303633217991
0.00256920415225
0.00210207612456
0.00163494809687
0.00116782006921
0.000700692041519
0.00023356401383
0.0335476067687
0.0328865667808
0.0324806758608
0.0319935742236
0.0315326724601
0.0310634943432
0.0305970190032
0.0301296909215
0.029662636015
0.0291954912697
0.0287283726305
0.0282612438635
0.0277941172358
0.0273269893267
0.0268598615184
0.0263927335301
0.0259256055323
0.0254584775093
0.0249913494836
0.0245242214553
0.0240570934269
0.0235899653987
0.0231228373706
0.0226557093427
0.022188581315
0.0217214532872
0.0212543252595
0.0207871972318
0.0203200692041
0.0198529411764
0.0193858131488
0.0189186851211
0.0184515570934
0.0179844290657
0.017517301038
0.0170501730103
0.0165830449827
0.016115916955
0.0156487889273
0.0151816608996
0.0147145328719
0.0142474048443
0.0137802768166
0.0133131487889
0.0128460207612
0.0123788927335
0.0119117647059
0.0114446366782
0.0109775086505
0.0105103806228
0.0100432525951
0.00957612456746
0.00910899653977
0.00864186851208
0.00817474048442
0.00770761245673
0.00724048442904
0.00677335640137
0.00630622837368
0.00583910034599
0.00537197231833
0.00490484429064
0.00443771626295
0.00397058823529
0.0035034602076
0.00303633217991
0.00256920415225
0.00210207612456
0.00163494809687
0.00116782006921
0.000700692041519
0.00023356401383
0.0335478709027
0.0328866282916
0.0324807690315
0.0319936011318
0.0315326922348
0.0310634991983
0.0305970214505
0.0301296910382
0.0296626358865
0.0291954909973
0.0287283724445
0.0282612437392
0.0277941171672
0.02732698929
0.0268598615005
0.0263927335218
0.0259256055287
0.0254584775079
0.0249913494831
0.0245242214551
0.0240570934269
0.0235899653987
0.0231228373707
0.0226557093427
0.022188581315
0.0217214532872
0.0212543252595
0.0207871972318
0.0203200692041
0.0198529411764
0.0193858131488
0.0189186851211
0.0184515570934
0.0179844290657
0.017517301038
0.0170501730103
0.0165830449827
0.016115916955
0.0156487889273
0.0151816608996
0.0147145328719
0.0142474048443
0.0137802768166
0.0133131487889
0.0128460207612
0.0123788927335
0.0119117647059
0.0114446366782
0.0109775086505
0.0105103806228
0.0100432525951
0.00957612456746
0.00910899653977
0.00864186851208
0.00817474048442
0.00770761245673
0.00724048442904
0.00677335640138
0.00630622837369
0.00583910034599
0.00537197231833
0.00490484429064
0.00443771626295
0.00397058823529
0.0035034602076
0.00303633217991
0.00256920415225
0.00210207612456
0.00163494809687
0.00116782006921
0.000700692041519
0.00023356401383
0.0335478709027
0.0328866282916
0.0324807690315
0.0319936011318
0.0315326922348
0.0310634991983
0.0305970214505
0.0301296910382
0.0296626358865
0.0291954909973
0.0287283724445
0.0282612437392
0.0277941171672
0.02732698929
0.0268598615005
0.0263927335218
0.0259256055287
0.0254584775079
0.0249913494831
0.0245242214551
0.0240570934269
0.0235899653987
0.0231228373707
0.0226557093428
0.022188581315
0.0217214532872
0.0212543252595
0.0207871972318
0.0203200692041
0.0198529411764
0.0193858131488
0.0189186851211
0.0184515570934
0.0179844290657
0.017517301038
0.0170501730103
0.0165830449827
0.016115916955
0.0156487889273
0.0151816608996
0.0147145328719
0.0142474048443
0.0137802768166
0.0133131487889
0.0128460207612
0.0123788927336
0.0119117647059
0.0114446366782
0.0109775086505
0.0105103806228
0.0100432525951
0.00957612456746
0.00910899653977
0.00864186851208
0.00817474048442
0.00770761245673
0.00724048442904
0.00677335640138
0.00630622837369
0.005839100346
0.00537197231834
0.00490484429065
0.00443771626296
0.00397058823529
0.0035034602076
0.00303633217991
0.00256920415225
0.00210207612456
0.00163494809687
0.00116782006921
0.00070069204152
0.00023356401383
0.0335476067687
0.0328865667808
0.0324806758608
0.0319935742236
0.0315326724601
0.0310634943432
0.0305970190032
0.0301296909215
0.029662636015
0.0291954912698
0.0287283726305
0.0282612438635
0.0277941172358
0.0273269893267
0.0268598615184
0.0263927335301
0.0259256055323
0.0254584775093
0.0249913494836
0.0245242214553
0.0240570934269
0.0235899653987
0.0231228373706
0.0226557093427
0.022188581315
0.0217214532872
0.0212543252595
0.0207871972318
0.0203200692041
0.0198529411764
0.0193858131488
0.0189186851211
0.0184515570934
0.0179844290657
0.017517301038
0.0170501730104
0.0165830449827
0.016115916955
0.0156487889273
0.0151816608996
0.014714532872
0.0142474048443
0.0137802768166
0.0133131487889
0.0128460207612
0.0123788927336
0.0119117647059
0.0114446366782
0.0109775086505
0.0105103806228
0.0100432525951
0.00957612456747
0.00910899653978
0.00864186851209
0.00817474048443
0.00770761245674
0.00724048442905
0.00677335640138
0.00630622837369
0.005839100346
0.00537197231834
0.00490484429065
0.00443771626296
0.0039705882353
0.00350346020761
0.00303633217992
0.00256920415225
0.00210207612456
0.00163494809687
0.00116782006921
0.000700692041521
0.000233564013831
0.033547062609
0.0328864511304
0.0324804858765
0.0319935241783
0.0315326336393
0.0310634856724
0.0305970144638
0.0301296908936
0.0296626363372
0.0291954918378
0.0287283730046
0.0282612441095
0.0277941173699
0.0273269893978
0.0268598615528
0.026392733546
0.0259256055391
0.025458477512
0.0249913494846
0.0245242214555
0.0240570934269
0.0235899653986
0.0231228373706
0.0226557093427
0.022188581315
0.0217214532872
0.0212543252595
0.0207871972318
0.0203200692041
0.0198529411765
0.0193858131488
0.0189186851211
0.0184515570934
0.0179844290657
0.0175173010381
0.0170501730104
0.0165830449827
0.016115916955
0.0156487889273
0.0151816608997
0.014714532872
0.0142474048443
0.0137802768166
0.0133131487889
0.0128460207612
0.0123788927336
0.0119117647059
0.0114446366782
0.0109775086505
0.0105103806228
0.0100432525951
0.00957612456748
0.00910899653979
0.0086418685121
0.00817474048444
0.00770761245674
0.00724048442905
0.00677335640139
0.0063062283737
0.00583910034601
0.00537197231835
0.00490484429066
0.00443771626296
0.0039705882353
0.00350346020761
0.00303633217992
0.00256920415226
0.00210207612457
0.00163494809688
0.00116782006921
0.000700692041522
0.000233564013831
0.0335462037896
0.0328862974696
0.0324801916603
0.0319934588124
0.0315325772964
0.0310634752675
0.0305970085328
0.0301296913532
0.029662636976
0.0291954927434
0.0287283735695
0.0282612444718
0.0277941175628
0.0273269894986
0.0268598616007
0.0263927335679
0.0259256055482
0.0254584775155
0.0249913494857
0.0245242214558
0.0240570934269
0.0235899653986
0.0231228373705
0.0226557093427
0.0221885813149
0.0217214532872
0.0212543252595
0.0207871972318
0.0203200692042
0.0198529411765
0.0193858131488
0.0189186851211
0.0184515570934
0.0179844290658
0.0175173010381
0.0170501730104
0.0165830449827
0.016115916955
0.0156487889273
0.0151816608997
0.014714532872
0.0142474048443
0.0137802768166
0.0133131487889
0.0128460207612
0.0123788927336
0.0119117647059
0.0114446366782
0.0109775086505
0.0105103806228
0.0100432525952
0.00957612456749
0.0091089965398
0.00864186851211
0.00817474048444
0.00770761245675
0.00724048442906
0.0067733564014
0.00630622837371
0.00583910034601
0.00537197231835
0.00490484429066
0.00443771626297
0.00397058823531
0.00350346020761
0.00303633217992
0.00256920415226
0.00210207612457
0.00163494809688
0.00116782006921
0.000700692041523
0.000233564013832
0.033544968825
0.0328861336384
0.0324797818438
0.0319933905688
0.0315325058958
0.0310634662512
0.0305970022337
0.0301296928654
0.0296626380965
0.0291954940392
0.0287283743243
0.0282612449403
0.0277941178044
0.0273269896223
0.026859861658
0.0263927335934
0.0259256055585
0.0254584775193
0.0249913494868
0.024524221456
0.0240570934268
0.0235899653984
0.0231228373704
0.0226557093426
0.0221885813149
0.0217214532872
0.0212543252595
0.0207871972319
0.0203200692042
0.0198529411765
0.0193858131488
0.0189186851211
0.0184515570934
0.0179844290658
0.0175173010381
0.0170501730104
0.0165830449827
0.016115916955
0.0156487889273
0.0151816608997
0.014714532872
0.0142474048443
0.0137802768166
0.0133131487889
0.0128460207612
0.0123788927336
0.0119117647059
0.0114446366782
0.0109775086505
0.0105103806228
0.0100432525952
0.00957612456749
0.0091089965398
0.00864186851211
0.00817474048445
0.00770761245676
0.00724048442906
0.0067733564014
0.00630622837371
0.00583910034602
0.00537197231836
0.00490484429066
0.00443771626297
0.00397058823531
0.00350346020762
0.00303633217993
0.00256920415226
0.00210207612457
0.00163494809688
0.00116782006922
0.000700692041524
0.000233564013832
0.0335432518284
0.0328860029284
0.0324792411602
0.0319933373587
0.0315324230771
0.0310634627508
0.0305969968684
0.0301296961146
0.0296626398821
0.0291954957759
0.02872837526
0.0282612454984
0.02779411808
0.0273269897592
0.026859861719
0.0263927336195
0.0259256055685
0.0254584775227
0.0249913494876
0.0245242214559
0.0240570934266
0.0235899653983
0.0231228373703
0.0226557093425
0.0221885813149
0.0217214532872
0.0212543252595
0.0207871972318
0.0203200692042
0.0198529411765
0.0193858131488
0.0189186851211
0.0184515570934
0.0179844290658
0.0175173010381
0.0170501730104
0.0165830449827
0.016115916955
0.0156487889273
0.0151816608997
0.014714532872
0.0142474048443
0.0137802768166
0.0133131487889
0.0128460207613
0.0123788927336
0.0119117647059
0.0114446366782
0.0109775086505
0.0105103806229
0.0100432525952
0.0095761245675
0.00910899653981
0.00864186851211
0.00817474048445
0.00770761245676
0.00724048442907
0.0067733564014
0.00630622837371
0.00583910034602
0.00537197231836
0.00490484429067
0.00443771626297
0.00397058823531
0.00350346020762
0.00303633217993
0.00256920415226
0.00210207612457
0.00163494809688
0.00116782006922
0.000700692041524
0.000233564013832
0.0335408790233
0.0328859692343
0.0324785505578
0.0319933233177
0.0315323339235
0.0310634697482
0.0305969939251
0.0301297018276
0.0296626424973
0.0291954979839
0.0287283763523
0.0282612461208
0.0277941183702
0.0273269898977
0.0268598617771
0.0263927336429
0.0259256055765
0.0254584775248
0.0249913494877
0.0245242214555
0.0240570934262
0.023589965398
0.0231228373702
0.0226557093425
0.0221885813148
0.0217214532872
0.0212543252595
0.0207871972318
0.0203200692042
0.0198529411765
0.0193858131488
0.0189186851211
0.0184515570934
0.0179844290658
0.0175173010381
0.0170501730104
0.0165830449827
0.016115916955
0.0156487889273
0.0151816608997
0.014714532872
0.0142474048443
0.0137802768166
0.0133131487889
0.0128460207613
0.0123788927336
0.0119117647059
0.0114446366782
0.0109775086505
0.0105103806229
0.0100432525952
0.0095761245675
0.00910899653981
0.00864186851212
0.00817474048445
0.00770761245676
0.00724048442907
0.00677335640141
0.00630622837371
0.00583910034602
0.00537197231836
0.00490484429067
0.00443771626298
0.00397058823531
0.00350346020762
0.00303633217993
0.00256920415226
0.00210207612457
0.00163494809688
0.00116782006922
0.000700692041525
0.000233564013832
0.0335375887134
0.0328861448616
0.0324776850891
0.0319933797095
0.0315322450151
0.0310634928284
0.0305969948937
0.0301297106631
0.0296626460371
0.0291955006518
0.0287283775539
0.028261246771
0.0277941186506
0.0273269900239
0.0268598618251
0.02639273366
0.0259256055808
0.025458477525
0.0249913494869
0.0245242214547
0.0240570934257
0.0235899653976
0.02312283737
0.0226557093424
0.0221885813148
0.0217214532871
0.0212543252595
0.0207871972318
0.0203200692042
0.0198529411765
0.0193858131488
0.0189186851211
0.0184515570934
0.0179844290658
0.0175173010381
0.0170501730104
0.0165830449827
0.016115916955
0.0156487889273
0.0151816608997
0.014714532872
0.0142474048443
0.0137802768166
0.0133131487889
0.0128460207613
0.0123788927336
0.0119117647059
0.0114446366782
0.0109775086505
0.0105103806229
0.0100432525952
0.0095761245675
0.00910899653981
0.00864186851211
0.00817474048445
0.00770761245676
0.00724048442907
0.0067733564014
0.00630622837371
0.00583910034602
0.00537197231836
0.00490484429067
0.00443771626297
0.00397058823531
0.00350346020762
0.00303633217993
0.00256920415226
0.00210207612457
0.00163494809688
0.00116782006922
0.000700692041524
0.000233564013832
0.0335328524501
0.0328868044175
0.0324766086358
0.0319935516102
0.0315321643147
0.0310635384954
0.0305970010259
0.0301297231498
0.0296626504659
0.0291955037075
0.0287283787842
0.0282612473988
0.0277941188909
0.027326990122
0.0268598618548
0.026392733667
0.0259256055798
0.0254584775227
0.0249913494849
0.0245242214534
0.0240570934249
0.0235899653972
0.0231228373698
0.0226557093423
0.0221885813147
0.0217214532871
0.0212543252595
0.0207871972318
0.0203200692042
0.0198529411765
0.0193858131488
0.0189186851211
0.0184515570934
0.0179844290658
0.0175173010381
0.0170501730104
0.0165830449827
0.016115916955
0.0156487889273
0.0151816608997
0.014714532872
0.0142474048443
0.0137802768166
0.0133131487889
0.0128460207612
0.0123788927336
0.0119117647059
0.0114446366782
0.0109775086505
0.0105103806228
0.0100432525952
0.00957612456749
0.0091089965398
0.00864186851211
0.00817474048445
0.00770761245676
0.00724048442907
0.0067733564014
0.00630622837371
0.00583910034602
0.00537197231836
0.00490484429066
0.00443771626297
0.00397058823531
0.00350346020762
0.00303633217993
0.00256920415226
0.00210207612457
0.00163494809688
0.00116782006922
0.000700692041524
0.000233564013832
0.0335248271135
0.0328884740366
0.0324753133185
0.0319939126872
0.0315321042994
0.031063615271
0.0305970134956
0.0301297397421
0.029662655608
0.0291955070087
0.0287283799195
0.0282612479339
0.0277941190509
0.0273269901719
0.0268598618566
0.0263927336595
0.0259256055717
0.0254584775171
0.0249913494814
0.0245242214515
0.0240570934239
0.0235899653968
0.0231228373695
0.0226557093422
0.0221885813147
0.0217214532871
0.0212543252595
0.0207871972318
0.0203200692042
0.0198529411765
0.0193858131488
0.0189186851211
0.0184515570934
0.0179844290658
0.0175173010381
0.0170501730104
0.0165830449827
0.016115916955
0.0156487889273
0.0151816608997
0.014714532872
0.0142474048443
0.0137802768166
0.0133131487889
0.0128460207612
0.0123788927336
0.0119117647059
0.0114446366782
0.0109775086505
0.0105103806228
0.0100432525952
0.00957612456749
0.0091089965398
0.00864186851211
0.00817474048444
0.00770761245675
0.00724048442906
0.0067733564014
0.00630622837371
0.00583910034602
0.00537197231835
0.00490484429066
0.00443771626297
0.00397058823531
0.00350346020761
0.00303633217992
0.00256920415226
0.00210207612457
0.00163494809688
0.00116782006921
0.000700692041523
0.000233564013832
0.0335088047599
0.0328909216316
0.0324741207693
0.031994490978
0.0315320996364
0.0310637244172
0.0305970347238
0.0301297598268
0.0296626612845
0.0291955102609
0.0287283808206
0.0282612482862
0.0277941190883
0.0273269901519
0.0268598618209
0.0263927336336
0.0259256055549
0.0254584775077
0.0249913494765
0.0245242214491
0.0240570934228
0.0235899653963
0.0231228373693
0.0226557093421
0.0221885813147
0.0217214532871
0.0212543252595
0.0207871972318
0.0203200692042
0.0198529411765
0.0193858131488
0.0189186851211
0.0184515570934
0.0179844290658
0.0175173010381
0.0170501730104
0.0165830449827
0.016115916955
0.0156487889273
0.0151816608997
0.014714532872
0.0142474048443
0.0137802768166
0.0133131487889
0.0128460207612
0.0123788927336
0.0119117647059
0.0114446366782
0.0109775086505
0.0105103806228
0.0100432525951
0.00957612456748
0.00910899653979
0.0086418685121
0.00817474048444
0.00770761245675
0.00724048442906
0.00677335640139
0.0063062283737
0.00583910034601
0.00537197231835
0.00490484429066
0.00443771626297
0.0039705882353
0.00350346020761
0.00303633217992
0.00256920415226
0.00210207612457
0.00163494809688
0.00116782006921
0.000700692041522
0.000233564013831
0.0334841581474
0.0328898080014
0.0324742744838
0.0319948391931
0.0315322258043
0.0310638096955
0.0305970672677
0.0301297760676
0.0296626672145
0.0291955126237
0.0287283814835
0.0282612484178
0.0277941190404
0.0273269900828
0.0268598617657
0.0263927335987
0.0259256055349
0.0254584774972
0.0249913494713
0.0245242214467
0.0240570934218
0.0235899653959
0.0231228373692
0.0226557093421
0.0221885813147
0.0217214532871
0.0212543252595
0.0207871972318
0.0203200692042
0.0198529411765
0.0193858131488
0.0189186851211
0.0184515570934
0.0179844290658
0.0175173010381
0.0170501730104
0.0165830449827
0.016115916955
0.0156487889273
0.0151816608997
0.014714532872
0.0142474048443
0.0137802768166
0.0133131487889
0.0128460207612
0.0123788927336
0.0119117647059
0.0114446366782
0.0109775086505
0.0105103806228
0.0100432525951
0.00957612456748
0.00910899653979
0.0086418685121
0.00817474048444
0.00770761245674
0.00724048442905
0.00677335640139
0.0063062283737
0.00583910034601
0.00537197231835
0.00490484429065
0.00443771626296
0.0039705882353
0.00350346020761
0.00303633217992
0.00256920415226
0.00210207612457
0.00163494809688
0.00116782006921
0.000700692041522
0.000233564013831
)
;

boundaryField
{
    inlet
    {
        type            zeroGradient;
    }
    outlet
    {
        type            fixedValue;
        value           uniform 0;
    }
    walls
    {
        type            zeroGradient;
    }
    frontAndBack
    {
        type            empty;
    }
}


// ************************************************************************* //
