/*--------------------------------*- C++ -*----------------------------------*\
| =========                 |                                                 |
| \\      /  F ield         | OpenFOAM: The Open Source CFD Toolbox           |
|  \\    /   O peration     | Version:                                        |
|   \\  /    A nd           | Website:  www.openfoam.com                      |
|    \\/     M anipulation  |                                                 |
\*---------------------------------------------------------------------------*/
FoamFile
{
    version     2.0;
    format      ascii;
    class       surfaceScalarField;
    location    "1000";
    object      phi;
}
// * * * * * * * * * * * * * * * * * * * * * * * * * * * * * * * * * * * * * //

dimensions      [0 3 -1 0 0 0 0];
oriented        oriented;


internalField   nonuniform List<scalar> 
3360
(
7.45653416201e-08
-1.19153416135e-09
7.44349304374e-08
1.30411182741e-10
7.46915584252e-08
-2.56627987691e-10
7.46967209029e-08
-5.16247763346e-12
7.47306157486e-08
-3.38948455596e-11
7.47344915846e-08
-3.87583578339e-12
7.47391552756e-08
-4.66369081593e-12
7.47399468666e-08
-7.91590783063e-13
7.4740492491e-08
-5.45624116023e-13
7.4740548224e-08
-5.57326807261e-14
7.47405627416e-08
-1.45172590001e-14
7.47405359139e-08
2.68281035736e-14
7.47405164471e-08
1.94671187886e-14
7.47405016994e-08
1.47482111039e-14
7.47404933451e-08
8.35470439865e-15
7.47404886805e-08
4.66515251011e-15
7.47404863532e-08
2.3277987919e-15
7.4740485233e-08
1.12084116227e-15
7.47404847358e-08
4.97823368021e-16
7.47404845283e-08
2.08101701438e-16
7.47404844508e-08
7.81854903749e-17
7.47404844263e-08
2.52898555255e-17
7.47404844214e-08
5.63716172056e-18
7.47404844225e-08
-3.18265134534e-19
7.47404844247e-08
-1.3544105695e-18
7.47404844264e-08
-9.22272162581e-19
7.47404844276e-08
-2.74687283141e-19
7.47404844282e-08
2.36638997628e-19
7.47404844286e-08
5.7093722636e-19
7.47404844288e-08
7.69839967002e-19
7.47404844289e-08
8.83422890925e-19
7.47404844289e-08
9.47122970658e-19
7.47404844289e-08
9.84787708189e-19
7.47404844289e-08
1.00826321283e-18
7.47404844289e-08
1.02398921779e-18
7.47404844289e-08
1.03464548238e-18
7.47404844289e-08
1.04250462765e-18
7.47404844289e-08
1.04739680292e-18
7.47404844289e-08
1.05006333377e-18
7.47404844289e-08
1.05027562845e-18
7.47404844289e-08
1.04811420353e-18
7.47404844289e-08
1.04387122087e-18
7.47404844289e-08
1.03703418894e-18
7.47404844289e-08
1.02809415848e-18
7.47404844289e-08
1.01698313908e-18
7.47404844289e-08
1.00409048707e-18
7.47404844289e-08
9.88498312191e-19
7.47404844289e-08
9.71596194619e-19
7.47404844289e-08
9.52283137224e-19
7.47404844289e-08
9.31284379174e-19
7.47404844289e-08
9.083023783e-19
7.47404844289e-08
8.84162874232e-19
7.47404844289e-08
8.57678200398e-19
7.47404844289e-08
8.30549686722e-19
7.47404844289e-08
8.01026503779e-19
7.47404844289e-08
7.70953447319e-19
7.47404844289e-08
7.38415088361e-19
7.47404844289e-08
7.05628910375e-19
7.47404844289e-08
6.70753283638e-19
7.47404844289e-08
6.35016013366e-19
7.4740484429e-08
5.97113643665e-19
7.4740484429e-08
5.58725460088e-19
7.4740484429e-08
5.18068597319e-19
7.4740484429e-08
4.76511087641e-19
7.4740484429e-08
4.322801409e-19
7.4740484429e-08
3.8751655666e-19
7.4740484429e-08
3.39052985979e-19
7.4740484429e-08
2.8950953915e-19
7.4740484429e-08
2.35748000719e-19
7.4740484429e-08
1.78883350348e-19
7.4740484429e-08
1.14280324391e-19
4.50085381943e-20
2.11205785619e-07
-1.64276644127e-09
2.11338961616e-07
-2.76481400897e-12
2.11597537515e-07
-5.15203886856e-10
2.1167807263e-07
-8.56975916669e-11
2.11730975318e-07
-8.67975335024e-11
2.11749843957e-07
-2.27444746821e-11
2.11759494856e-07
-1.43145900547e-11
2.11762922598e-07
-4.2193324357e-12
2.11764336596e-07
-1.95962160711e-12
2.11764737895e-07
-4.57032095273e-13
2.1176483057e-07
-1.07192102308e-13
2.1176481123e-07
4.61685578088e-14
2.11764776294e-07
5.44032422711e-14
2.11764746836e-07
4.42063041072e-14
2.11764727895e-07
2.72963464435e-14
2.11764716904e-07
1.56566136075e-14
2.1176471108e-07
8.15223448952e-15
2.11764708177e-07
4.02469568039e-15
2.11764706821e-07
1.85420094891e-15
2.11764706226e-07
8.02882991712e-16
2.11764705986e-07
3.18766496074e-16
2.117647059e-07
1.12349893466e-16
2.11764705875e-07
3.12842921088e-17
2.11764705871e-07
3.64505605349e-18
2.11764705874e-07
-3.41497859395e-18
2.11764705877e-07
-3.57010052107e-18
2.1176470588e-07
-2.07228585822e-18
2.11764705881e-07
-6.25717748297e-19
2.11764705882e-07
3.88657465959e-19
2.11764705882e-07
1.01014687773e-18
2.11764705883e-07
1.36432345643e-18
2.11764705883e-07
1.55795996452e-18
2.11764705883e-07
1.66369842249e-18
2.11764705883e-07
1.72307015164e-18
2.11764705883e-07
1.75821830005e-18
2.11764705883e-07
1.77983279724e-18
2.11764705883e-07
1.79440638519e-18
2.11764705883e-07
1.80330890252e-18
2.11764705883e-07
1.80847393188e-18
2.11764705883e-07
1.80873549874e-18
2.11764705883e-07
1.80484455091e-18
2.11764705883e-07
1.79700536414e-18
2.11764705883e-07
1.7858465202e-18
2.11764705883e-07
1.77089902933e-18
2.11764705883e-07
1.75147185035e-18
2.11764705883e-07
1.72923427614e-18
2.11764705883e-07
1.70283253623e-18
2.11764705883e-07
1.6736160873e-18
2.11764705883e-07
1.64065326925e-18
2.11764705883e-07
1.60431227565e-18
2.11764705883e-07
1.5649547176e-18
2.11764705883e-07
1.52347594548e-18
2.11764705883e-07
1.47821025159e-18
2.11764705883e-07
1.43125839841e-18
2.11764705883e-07
1.38072014572e-18
2.11764705883e-07
1.32829121565e-18
2.11764705883e-07
1.27273624384e-18
2.11764705883e-07
1.21607990558e-18
2.11764705883e-07
1.15626144835e-18
2.11764705883e-07
1.09424018745e-18
2.11764705883e-07
1.02927801899e-18
2.11764705883e-07
9.62716534033e-19
2.11764705883e-07
8.92907870276e-19
2.11764705883e-07
8.20756246951e-19
2.11764705883e-07
7.4477036413e-19
2.11764705883e-07
6.66910958023e-19
2.11764705883e-07
5.83456119423e-19
2.11764705883e-07
4.97251733143e-19
2.11764705883e-07
4.04826372142e-19
2.11764705883e-07
3.0543146434e-19
2.11764705883e-07
1.90977458989e-19
6.99169310954e-20
3.35662947833e-07
-1.6595737714e-09
3.35944383987e-07
-2.84200968466e-10
3.36112085173e-07
-6.82905072507e-10
3.36226206585e-07
-1.99819003126e-10
3.36283068822e-07
-1.43659770752e-10
3.36311162918e-07
-5.08385709323e-11
3.36323786297e-07
-2.69379683107e-11
3.36329207159e-07
-9.64019428315e-12
3.36331333271e-07
-4.08573371362e-12
3.36332076428e-07
-1.20018860275e-12
3.36332277929e-07
-3.08693592781e-13
3.36332295166e-07
2.89320371837e-14
3.36332264646e-07
8.49236088185e-14
3.36332232283e-07
7.65693964567e-14
3.36332209155e-07
5.04250518965e-14
3.36332195076e-07
2.97357098235e-14
3.36332187295e-07
1.59340128143e-14
3.36332183295e-07
8.0250835462e-15
3.36332181364e-07
3.78512933843e-15
3.36332180489e-07
1.6783374488e-15
3.3633218012e-07
6.88655295041e-16
3.36332179978e-07
2.54908777701e-16
3.36332179931e-07
7.88116844355e-17
3.3633217992e-07
1.51490027329e-17
3.3633217992e-07
-3.51096987183e-18
3.36332179924e-07
-6.14244601903e-18
3.36332179926e-07
-4.26228985034e-18
3.36332179928e-07
-1.88127725086e-18
3.36332179929e-07
-7.87128992856e-20
3.3633217993e-07
1.06547891996e-18
3.3633217993e-07
1.72881979419e-18
3.3633217993e-07
2.09269436741e-18
3.3633217993e-07
2.28942420079e-18
3.36332179931e-07
2.39514259455e-18
3.36332179931e-07
2.45520854839e-18
3.36332179931e-07
2.48984039827e-18
3.36332179931e-07
2.51202604994e-18
3.36332179931e-07
2.5255571592e-18
3.36332179931e-07
2.53262742341e-18
3.36332179931e-07
2.53294850522e-18
3.36332179931e-07
2.52774309344e-18
3.36332179931e-07
2.51694859774e-18
3.36332179931e-07
2.50135072794e-18
3.36332179931e-07
2.48043836452e-18
3.36332179931e-07
2.45354328895e-18
3.36332179931e-07
2.42193479286e-18
3.36332179931e-07
2.38497908942e-18
3.36332179931e-07
2.34406547012e-18
3.36332179931e-07
2.29802628074e-18
3.36332179931e-07
2.24726280971e-18
3.36332179931e-07
2.19240093163e-18
3.36332179931e-07
2.13395610474e-18
3.36332179931e-07
2.07081260657e-18
3.36332179931e-07
2.00476610382e-18
3.36332179931e-07
1.93447805222e-18
3.36332179931e-07
1.86095494216e-18
3.36332179931e-07
1.78326308613e-18
3.36332179931e-07
1.70386072361e-18
3.36332179931e-07
1.62029966758e-18
3.36332179931e-07
1.5335645611e-18
3.36332179931e-07
1.44283830793e-18
3.36332179931e-07
1.34964615449e-18
3.36332179931e-07
1.25220945023e-18
3.36332179931e-07
1.1513364055e-18
3.36332179931e-07
1.04529723211e-18
3.36332179931e-07
9.36508653658e-19
3.36332179931e-07
8.20080854204e-19
3.36332179931e-07
6.99578305871e-19
3.36332179931e-07
5.7077890055e-19
3.36332179931e-07
4.32252918987e-19
3.36332179931e-07
2.72411481557e-19
9.87526733617e-20
4.4790052381e-07
-1.51152863495e-09
4.48135986066e-07
-5.19663224423e-10
4.48233660059e-07
-7.80579065637e-10
4.48338060687e-07
-3.04219631756e-10
4.48390148606e-07
-1.95747689199e-10
4.48419572245e-07
-8.02622101346e-11
4.4843299092e-07
-4.03566426172e-11
4.48439188111e-07
-1.58373854212e-11
4.4844169381e-07
-6.59143282641e-12
4.48442647246e-07
-2.15362417676e-12
4.48442941323e-07
-6.02770733461e-13
4.484430001e-07
-2.98447311826e-14
4.4844298538e-07
9.96437212028e-14
4.48442958553e-07
1.03395944075e-13
4.48442936784e-07
7.21941948452e-14
4.48442922736e-07
4.37845246504e-14
4.48442914653e-07
2.40167734807e-14
4.4844291037e-07
1.23086972651e-14
4.48442908243e-07
5.91199662673e-15
4.48442907251e-07
2.67048907963e-15
4.48442906818e-07
1.12212269816e-15
4.48442906643e-07
4.29636668051e-16
4.48442906581e-07
1.4155983822e-16
4.48442906563e-07
3.33100551551e-17
4.48442906561e-07
-1.01167845714e-18
4.48442906563e-07
-7.93152122897e-18
4.48442906565e-07
-6.42247072924e-18
4.48442906567e-07
-3.39157195647e-18
4.48442906568e-07
-8.9568748524e-19
4.48442906569e-07
7.47631943492e-19
4.48442906569e-07
1.71765751096e-18
4.48442906569e-07
2.2539390001e-18
4.48442906569e-07
2.54132832294e-18
4.48442906569e-07
2.69370268977e-18
4.48442906569e-07
2.77609728327e-18
4.48442906569e-07
2.82188109449e-18
4.48442906569e-07
2.84960601776e-18
4.48442906569e-07
2.86591549104e-18
4.48442906569e-07
2.87354768537e-18
4.48442906569e-07
2.87473917456e-18
4.48442906569e-07
2.86881455225e-18
4.48442906569e-07
2.85624199341e-18
4.48442906569e-07
2.83841651532e-18
4.48442906569e-07
2.81495122251e-18
4.48442906569e-07
2.78440624369e-18
4.48442906569e-07
2.74873866273e-18
4.48442906569e-07
2.70658639591e-18
4.48442906569e-07
2.65989351791e-18
4.48442906569e-07
2.60788977203e-18
4.48442906569e-07
2.55020854323e-18
4.48442906569e-07
2.48810283104e-18
4.48442906569e-07
2.42192161457e-18
4.48442906569e-07
2.35018053555e-18
4.48442906569e-07
2.27559342557e-18
4.48442906569e-07
2.19562119429e-18
4.48442906569e-07
2.11192379932e-18
4.48442906569e-07
2.02388847476e-18
4.48442906569e-07
1.93377486983e-18
4.48442906569e-07
1.83920229864e-18
4.48442906569e-07
1.74061772884e-18
4.48442906569e-07
1.63792830779e-18
4.48442906569e-07
1.53200761558e-18
4.48442906569e-07
1.42169788968e-18
4.48442906569e-07
1.3073040944e-18
4.48442906569e-07
1.18721345961e-18
4.48442906569e-07
1.06354005808e-18
4.48442906569e-07
9.31875278077e-19
4.48442906569e-07
7.94722940181e-19
4.48442906569e-07
6.48874883925e-19
4.48442906569e-07
4.91564748727e-19
4.48442906569e-07
3.09031868238e-19
1.08864580925e-19
5.4775688291e-07
-1.30657285218e-09
5.47901728403e-07
-6.6450871759e-10
5.47936910719e-07
-8.157613812e-10
5.48011994508e-07
-3.79303420614e-10
5.4805085873e-07
-2.34611911207e-10
5.4807565106e-07
-1.05054540655e-10
5.4808738091e-07
-5.20864929398e-11
5.48093127447e-07
-2.15839222814e-11
5.48095542961e-07
-9.00694622426e-12
5.48096520886e-07
-3.1315497619e-12
5.48096852211e-07
-9.34095721909e-13
5.48096940615e-07
-1.18248031097e-13
5.48096944293e-07
9.59661194115e-14
5.48096927849e-07
1.19839972519e-13
5.48096911451e-07
8.85922650801e-14
5.48096900019e-07
5.52157504701e-14
5.4809689313e-07
3.09058813096e-14
5.48096889356e-07
1.60834201816e-14
5.48096887427e-07
7.84087058997e-15
5.48096886502e-07
3.5955742752e-15
5.48096886086e-07
1.53887759497e-15
5.48096885911e-07
6.0425918735e-16
5.48096885845e-07
2.08054870024e-16
5.48096885823e-07
5.49600730711e-17
5.48096885819e-07
3.84323743446e-18
5.48096885819e-07
-8.36207974683e-18
5.48096885821e-07
-7.8935078618e-18
5.48096885822e-07
-4.60822851618e-18
5.48096885823e-07
-1.63233009945e-18
5.48096885824e-07
4.01272764834e-19
5.48096885824e-07
1.62509789194e-18
5.48096885824e-07
2.30941797256e-18
5.48096885824e-07
2.67661980299e-18
5.48096885824e-07
2.86980978731e-18
5.48096885824e-07
2.97233096664e-18
5.48096885824e-07
3.02775788062e-18
5.48096885824e-07
3.060309059e-18
5.48096885824e-07
3.07854112139e-18
5.48096885824e-07
3.08736309291e-18
5.48096885824e-07
3.08874989489e-18
5.48096885824e-07
3.08215381298e-18
5.48096885824e-07
3.06878340919e-18
5.48096885824e-07
3.04940909597e-18
5.48096885824e-07
3.02382434354e-18
5.48096885824e-07
2.99094770431e-18
5.48096885824e-07
2.95238220312e-18
5.48096885824e-07
2.90739778842e-18
5.48096885824e-07
2.85683868045e-18
5.48096885824e-07
2.80075378433e-18
5.48096885824e-07
2.73875087126e-18
5.48096885824e-07
2.67201182029e-18
5.48096885824e-07
2.60044603343e-18
5.48096885824e-07
2.52374089654e-18
5.48096885824e-07
2.44315782083e-18
5.48096885824e-07
2.35755618189e-18
5.48096885824e-07
2.26727731359e-18
5.48096885824e-07
2.17301555688e-18
5.48096885824e-07
2.07612905063e-18
5.48096885824e-07
1.97478011477e-18
5.48096885824e-07
1.8691804115e-18
5.48096885824e-07
1.75929945974e-18
5.48096885824e-07
1.64577963717e-18
5.48096885824e-07
1.52781518569e-18
5.48096885824e-07
1.40514105864e-18
5.48096885824e-07
1.277001511e-18
5.48096885824e-07
1.14446739746e-18
5.48096885824e-07
1.00414296364e-18
5.48096885824e-07
8.5711138771e-19
5.48096885824e-07
7.01259410223e-19
5.48096885824e-07
5.32825325911e-19
5.48096885824e-07
3.37843249405e-19
1.19176621831e-19
6.35170488454e-07
-1.09111161614e-09
6.35224545353e-07
-7.1856561645e-10
6.35205176978e-07
-7.9639300679e-10
6.35242700833e-07
-4.16827275165e-10
6.35262953672e-07
-2.54864750569e-10
6.35278927734e-07
-1.21028602088e-10
6.35286869397e-07
-6.00281557289e-11
6.35291080879e-07
-2.5795404613e-11
6.3529293454e-07
-1.08606072945e-11
6.3529373722e-07
-3.93422985084e-12
6.35294033526e-07
-1.23040164387e-12
6.35294129147e-07
-2.13869634788e-13
6.35294147494e-07
7.76190101289e-14
6.35294143008e-07
1.24326221439e-13
6.35294134356e-07
9.72438948949e-14
6.3529412738e-07
6.21919649846e-14
6.35294122853e-07
3.54327494507e-14
6.35294120251e-07
1.86857663111e-14
6.35294118869e-07
9.22280925051e-15
6.35294118182e-07
4.28174304329e-15
6.35294117862e-07
1.85928083682e-15
6.35294117722e-07
7.44222854168e-16
6.35294117665e-07
2.64438037091e-16
6.35294117645e-07
7.511258389e-17
6.35294117639e-07
9.55259970798e-18
6.35294117638e-07
-7.74340891098e-18
6.35294117639e-07
-8.68065134499e-18
6.3529411764e-07
-5.52839930362e-18
6.3529411764e-07
-2.35281504057e-18
6.35294117641e-07
-1.02250146886e-19
6.35294117641e-07
1.27669388254e-18
6.35294117641e-07
2.0544468817e-18
6.35294117641e-07
2.47277098275e-18
6.35294117641e-07
2.69145356935e-18
6.35294117641e-07
2.80551501105e-18
6.35294117641e-07
2.86588360854e-18
6.35294117641e-07
2.89929512355e-18
6.35294117641e-07
2.91803027674e-18
6.35294117641e-07
2.92660551522e-18
6.35294117641e-07
2.92768888192e-18
6.35294117641e-07
2.92137346419e-18
6.35294117641e-07
2.90834255322e-18
6.35294117641e-07
2.88989965862e-18
6.35294117641e-07
2.86536731678e-18
6.35294117641e-07
2.83401187771e-18
6.35294117641e-07
2.79725581109e-18
6.35294117641e-07
2.75459905913e-18
6.35294117641e-07
2.70637144014e-18
6.35294117641e-07
2.65298294114e-18
6.35294117641e-07
2.59398672087e-18
6.35294117641e-07
2.53067589189e-18
6.35294117641e-07
2.46279787577e-18
6.35294117641e-07
2.39003809639e-18
6.35294117641e-07
2.31343951977e-18
6.35294117641e-07
2.23226866782e-18
6.35294117641e-07
2.14635953192e-18
6.35294117641e-07
2.05723068919e-18
6.35294117641e-07
1.96529061561e-18
6.35294117641e-07
1.86959915882e-18
6.35294117641e-07
1.76964858608e-18
6.35294117641e-07
1.66591430468e-18
6.35294117641e-07
1.55828611531e-18
6.35294117641e-07
1.4469116643e-18
6.35294117641e-07
1.33086406902e-18
6.35294117641e-07
1.21016253771e-18
6.35294117641e-07
1.08488131196e-18
6.35294117641e-07
9.52367087078e-19
6.35294117641e-07
8.13224594719e-19
6.35294117641e-07
6.66189573503e-19
6.35294117641e-07
5.06617479e-19
6.35294117641e-07
3.20865303181e-19
1.11298470981e-19
7.1011295452e-07
-8.8316414892e-10
7.10090975981e-07
-6.96587077367e-10
7.10025561922e-07
-7.30978947781e-10
7.10024290592e-07
-4.15555945202e-10
7.10023571166e-07
-2.5414532386e-10
7.10028341146e-07
-1.25798582599e-10
7.10031065041e-07
-6.27520509989e-11
7.10032942812e-07
-2.76731751638e-11
7.10033851813e-07
-1.17696086567e-11
7.10034305905e-07
-4.38832209005e-12
7.10034497191e-07
-1.4216881466e-12
7.10034574675e-07
-2.9135316346e-13
7.1003460052e-07
5.17740113308e-14
7.10034607141e-07
1.17705027476e-13
7.10034607127e-07
9.72577635848e-14
7.1003460563e-07
6.36888832174e-14
7.10034604216e-07
3.68459797985e-14
7.10034603249e-07
1.96523700735e-14
7.10034602673e-07
9.79929613172e-15
7.10034602359e-07
4.59517168102e-15
7.100346022e-07
2.01834438018e-15
7.10034602124e-07
8.19919009722e-16
7.1003460209e-07
2.98166555505e-16
7.10034602076e-07
8.89599205614e-17
7.1003460207e-07
1.45719849105e-17
7.10034602069e-07
-6.3613419491e-18
7.10034602068e-07
-8.65041627955e-18
7.10034602068e-07
-5.91976946369e-18
7.10034602068e-07
-2.82688638772e-18
7.10034602069e-07
-5.57901591461e-19
7.10034602069e-07
8.55277900199e-19
7.10034602069e-07
1.66028603679e-18
7.10034602069e-07
2.09357352507e-18
7.10034602069e-07
2.31925887993e-18
7.10034602069e-07
2.43543988025e-18
7.10034602069e-07
2.49532151021e-18
7.10034602069e-07
2.52769945916e-18
7.10034602069e-07
2.54470643185e-18
7.10034602069e-07
2.55238365785e-18
7.10034602069e-07
2.55293976582e-18
7.10034602069e-07
2.54714436163e-18
7.10034602069e-07
2.53554086258e-18
7.10034602069e-07
2.51911941462e-18
7.10034602069e-07
2.49724008343e-18
7.10034602069e-07
2.46974425213e-18
7.10034602069e-07
2.43714941881e-18
7.10034602069e-07
2.39948327163e-18
7.10034602069e-07
2.35690111577e-18
7.10034602069e-07
2.31004998971e-18
7.10034602069e-07
2.25820556139e-18
7.10034602069e-07
2.20287673803e-18
7.10034602069e-07
2.14324921644e-18
7.10034602069e-07
2.07968137976e-18
7.10034602069e-07
2.01251893594e-18
7.10034602069e-07
1.94147332203e-18
7.10034602069e-07
1.86628837858e-18
7.10034602069e-07
1.7886954132e-18
7.10034602069e-07
1.70855759539e-18
7.10034602069e-07
1.62556852435e-18
7.10034602069e-07
1.53865104634e-18
7.10034602069e-07
1.44872567475e-18
7.10034602069e-07
1.35518913027e-18
7.10034602069e-07
1.25896301403e-18
7.10034602069e-07
1.15818325243e-18
7.10034602069e-07
1.05411629719e-18
7.10034602069e-07
9.45223832955e-19
7.10034602069e-07
8.30923517197e-19
7.10034602069e-07
7.10130612702e-19
7.10034602069e-07
5.82816547894e-19
7.10034602069e-07
4.43765204113e-19
7.10034602069e-07
2.81767059718e-19
9.56854178399e-20
7.72571266314e-07
-6.87734871085e-10
7.72491158229e-07
-6.16478992467e-10
7.72388207383e-07
-6.28028101136e-10
7.72351202497e-07
-3.78551059735e-10
7.7232967904e-07
-2.32621866335e-10
7.72322523321e-07
-1.18642864e-10
7.7231937709e-07
-5.96058198687e-11
7.72318491054e-07
-2.67871399098e-11
7.72318220909e-07
-1.14994639279e-11
7.72318210161e-07
-4.37757423754e-12
7.72318244198e-07
-1.45572505521e-12
7.7231828205e-07
-3.29205232043e-13
7.72318307619e-07
2.62050343886e-14
7.72318323095e-07
1.02228412378e-13
7.72318331433e-07
8.89195700389e-14
7.72318335671e-07
5.94503681134e-14
7.72318337677e-07
3.48392638493e-14
7.72318338573e-07
1.87567295039e-14
7.72318338942e-07
9.42983268752e-15
7.72318339079e-07
4.45721626477e-15
7.72318339122e-07
1.97520839484e-15
7.7231833913e-07
8.11427266625e-16
7.72318339128e-07
3.00105344577e-16
7.72318339124e-07
9.25811037657e-17
7.7231833912e-07
1.73495468337e-17
7.72318339118e-07
-4.76743227163e-18
7.72318339117e-07
-7.96955364963e-18
7.72318339116e-07
-5.82170826265e-18
7.72318339116e-07
-3.06416317133e-18
7.72318339116e-07
-9.76908715609e-19
7.72318339116e-07
3.40939555956e-19
7.72318339116e-07
1.0967161463e-18
7.72318339116e-07
1.50356591248e-18
7.72318339116e-07
1.71443650892e-18
7.72318339116e-07
1.82101848565e-18
7.72318339116e-07
1.87477507064e-18
7.72318339116e-07
1.90161478384e-18
7.72318339116e-07
1.91571282567e-18
7.72318339116e-07
1.92181655576e-18
7.72318339116e-07
1.92184610658e-18
7.72318339116e-07
1.91671998367e-18
7.72318339116e-07
1.90747447246e-18
7.72318339116e-07
1.89478561748e-18
7.72318339116e-07
1.87773401742e-18
7.72318339116e-07
1.85654478945e-18
7.72318339116e-07
1.83146621703e-18
7.72318339116e-07
1.80283186873e-18
7.72318339116e-07
1.77019287165e-18
7.72318339116e-07
1.73419037074e-18
7.72318339116e-07
1.69463314883e-18
7.72318339116e-07
1.65268453447e-18
7.72318339116e-07
1.60749415837e-18
7.72318339116e-07
1.55938840307e-18
7.72318339116e-07
1.50856303334e-18
7.72318339116e-07
1.45457257371e-18
7.72318339116e-07
1.39761643736e-18
7.72318339116e-07
1.33943409195e-18
7.72318339116e-07
1.27896263599e-18
7.72318339116e-07
1.21696780234e-18
7.72318339116e-07
1.15215750377e-18
7.72318339116e-07
1.08486763745e-18
7.72318339116e-07
1.01480623905e-18
7.72318339116e-07
9.4295845651e-19
7.72318339116e-07
8.68003227425e-19
7.72318339116e-07
7.9065200239e-19
7.72318339116e-07
7.09241171095e-19
7.72318339116e-07
6.24206710023e-19
7.72318339116e-07
5.34038103773e-19
7.72318339116e-07
4.38691468323e-19
7.72318339116e-07
3.34138559398e-19
7.72318339116e-07
2.10653526628e-19
6.75839559339e-20
8.22540021174e-07
-5.04425610807e-10
8.22418046058e-07
-4.94503876633e-10
8.22285815854e-07
-4.95797897529e-10
8.22218599554e-07
-3.11334759529e-10
8.22178406567e-07
-1.92428879359e-10
8.22160024203e-07
-1.00260500309e-10
8.22151124402e-07
-5.07060185788e-11
8.22147437421e-07
-2.3100159513e-11
8.2214593101e-07
-9.99305275598e-12
8.22145414219e-07
-3.8607842169e-12
8.22145266764e-07
-1.30826974357e-12
8.22145252338e-07
-3.1477932642e-13
8.22145271553e-07
6.98892975378e-15
8.22145293185e-07
8.05967431291e-14
8.22145308771e-07
7.33324893719e-14
8.22145318344e-07
4.98771714706e-14
8.22145323653e-07
2.95304672902e-14
8.22145326393e-07
1.60158108233e-14
8.22145327719e-07
8.10293815984e-15
8.22145328323e-07
3.85323460716e-15
8.22145328579e-07
1.71888154704e-15
8.22145328678e-07
7.11894800045e-16
8.22145328711e-07
2.66417993635e-16
8.22145328719e-07
8.39978883957e-17
8.22145328718e-07
1.69414972446e-17
8.22145328716e-07
-3.36884670423e-18
8.22145328715e-07
-6.7845973992e-18
8.22145328713e-07
-5.25929043191e-18
8.22145328713e-07
-3.03935049608e-18
8.22145328712e-07
-1.31342983273e-18
8.22145328712e-07
-2.12366362788e-19
8.22145328712e-07
4.21082467516e-19
8.22145328712e-07
7.60713179057e-19
8.22145328712e-07
9.35104635258e-19
8.22145328712e-07
1.02078174683e-18
8.22145328712e-07
1.06239874916e-18
8.22145328712e-07
1.08154319444e-18
8.22145328712e-07
1.09046719496e-18
8.22145328712e-07
1.09439563419e-18
8.22145328712e-07
1.09328259998e-18
8.22145328712e-07
1.08945268933e-18
8.22145328712e-07
1.08338051081e-18
8.22145328712e-07
1.07550084824e-18
8.22145328712e-07
1.06503069453e-18
8.22145328712e-07
1.05216562127e-18
8.22145328712e-07
1.03676432407e-18
8.22145328712e-07
1.019734035e-18
8.22145328712e-07
1.00014824563e-18
8.22145328712e-07
9.78849289377e-19
8.22145328712e-07
9.55277696145e-19
8.22145328712e-07
9.3108185534e-19
8.22145328712e-07
9.04693425797e-19
8.22145328712e-07
8.77065666024e-19
8.22145328712e-07
8.47257220179e-19
8.22145328712e-07
8.16038322165e-19
8.22145328712e-07
7.82974250297e-19
8.22145328712e-07
7.50157164642e-19
8.22145328712e-07
7.15705347775e-19
8.22145328712e-07
6.80980433518e-19
8.22145328712e-07
6.44560811731e-19
8.22145328712e-07
6.07278869124e-19
8.22145328712e-07
5.67642878892e-19
8.22145328712e-07
5.28258599808e-19
8.22145328712e-07
4.86612279056e-19
8.22145328712e-07
4.44129356591e-19
8.22145328712e-07
3.98780765295e-19
8.22145328712e-07
3.51736705683e-19
8.22145328712e-07
3.01243199321e-19
8.22145328712e-07
2.48078081392e-19
8.22145328712e-07
1.87794549589e-19
8.22145328712e-07
1.15060504004e-19
2.89271558878e-20
8.60017182611e-07
-3.30801638974e-10
8.59866782031e-07
-3.44103296494e-10
8.59713134954e-07
-3.42150820739e-10
8.59622561983e-07
-2.20761788929e-10
8.59567266635e-07
-1.37133530745e-10
8.59539491402e-07
-7.24852680033e-11
8.59525635288e-07
-3.68499049114e-11
8.59519479153e-07
-1.69440246622e-11
8.59516857479e-07
-7.37137820955e-12
8.59515873089e-07
-2.87639541179e-12
8.59515552011e-07
-9.87191704203e-13
8.59515484064e-07
-2.46832587358e-13
8.59515493967e-07
-2.91419586949e-15
8.59515519313e-07
5.52505347663e-14
8.59515540559e-07
5.20861038053e-14
8.59515554551e-07
3.58842855633e-14
8.59515562676e-07
2.14052004138e-14
8.59515567021e-07
1.16706180572e-14
8.59515569192e-07
5.93107817482e-15
8.59515570212e-07
2.83237147322e-15
8.59515570662e-07
1.2692131971e-15
8.59515570844e-07
5.28496056161e-16
8.59515570911e-07
1.99241747354e-16
8.59515570931e-07
6.35819400557e-17
8.59515570934e-07
1.32402665012e-17
8.59515570932e-07
-2.31043465395e-18
8.5951557093e-07
-5.16180483959e-18
8.59515570928e-07
-4.21875643468e-18
8.59515570927e-07
-2.67678995656e-18
8.59515570926e-07
-1.45462940941e-18
8.59515570926e-07
-6.7013845595e-19
8.59515570926e-07
-2.19550137247e-19
8.59515570926e-07
1.99179563933e-20
8.59515570926e-07
1.39798395733e-19
8.59515570926e-07
1.96751412282e-19
8.59515570926e-07
2.21733357799e-19
8.59515570926e-07
2.31519443746e-19
8.59515570926e-07
2.34825374302e-19
8.59515570926e-07
2.36098936589e-19
8.59515570926e-07
2.34519949804e-19
8.59515570926e-07
2.31827511953e-19
8.59515570926e-07
2.29435204553e-19
8.59515570926e-07
2.26373572291e-19
8.59515570926e-07
2.22991308945e-19
8.59515570926e-07
2.18747860582e-19
8.59515570926e-07
2.13783799784e-19
8.59515570926e-07
2.08805050491e-19
8.59515570926e-07
2.03345349332e-19
8.59515570926e-07
1.97007905319e-19
8.59515570926e-07
1.90524376458e-19
8.59515570926e-07
1.84578009277e-19
8.59515570926e-07
1.77828286252e-19
8.59515570926e-07
1.71368149545e-19
8.59515570926e-07
1.63826347018e-19
8.59515570926e-07
1.56039119574e-19
8.59515570926e-07
1.47978174873e-19
8.59515570926e-07
1.41420011966e-19
8.59515570926e-07
1.33961053014e-19
8.59515570926e-07
1.27323082724e-19
8.59515570926e-07
1.20527200462e-19
8.59515570926e-07
1.13725322023e-19
8.59515570926e-07
1.06211399578e-19
8.59515570926e-07
9.96689168959e-20
8.59515570926e-07
9.24515691205e-20
8.59515570926e-07
8.57805871734e-20
8.59515570926e-07
7.77577615301e-20
8.59515570926e-07
6.96702278678e-20
8.59515570926e-07
6.01933546576e-20
8.59515570926e-07
5.01522987045e-20
8.59515570926e-07
3.62344343393e-20
8.59515570925e-07
1.64013311099e-20
-1.04162474693e-20
8.85002074871e-07
-1.63752468356e-10
8.84834178544e-07
-1.76206969642e-10
8.84666550125e-07
-1.74522401091e-10
8.84560154871e-07
-1.14366535059e-10
8.84494298858e-07
-7.12775185322e-11
8.8445980407e-07
-3.7990479606e-11
8.84442330954e-07
-1.9376788911e-11
8.84434344839e-07
-8.95791011405e-12
8.84430883934e-07
-3.91047331534e-12
8.8442954226e-07
-1.53472150248e-12
8.84429085692e-07
-5.30624272066e-13
8.84428974367e-07
-1.35507945112e-13
8.84428975519e-07
-4.06633959638e-15
8.84429002769e-07
2.79999205877e-14
8.84429027849e-07
2.70055042511e-14
8.84429044979e-07
1.87538043258e-14
8.84429055146e-07
1.12376507207e-14
8.8442906067e-07
6.14645140596e-15
8.84429063469e-07
3.13186063303e-15
8.84429064801e-07
1.49916047548e-15
8.84429065397e-07
6.73349146162e-16
8.84429065643e-07
2.81007487944e-16
8.84429065736e-07
1.06105356874e-16
8.84429065765e-07
3.37715099114e-17
8.84429065771e-07
6.77139792953e-18
8.84429065769e-07
-1.67351509966e-18
8.84429065767e-07
-3.30676393161e-18
8.84429065765e-07
-2.87812858307e-18
8.84429065763e-07
-2.10441192929e-18
8.84429065763e-07
-1.48528161773e-18
8.84429065762e-07
-1.09011169531e-18
8.84429065762e-07
-8.67396628177e-19
8.84429065762e-07
-7.53794522245e-19
8.84429065762e-07
-7.01072476176e-19
8.84429065762e-07
-6.80301137484e-19
8.84429065762e-07
-6.74636437687e-19
8.84429065762e-07
-6.76062783945e-19
8.84429065762e-07
-6.78335645729e-19
8.84429065762e-07
-6.80874655902e-19
8.84429065762e-07
-6.83383899167e-19
8.84429065762e-07
-6.83822417382e-19
8.84429065762e-07
-6.82843133408e-19
8.84429065762e-07
-6.79928399524e-19
8.84429065762e-07
-6.7575381364e-19
8.84429065762e-07
-6.70365307554e-19
8.84429065762e-07
-6.64088164251e-19
8.84429065762e-07
-6.56028804195e-19
8.84429065762e-07
-6.46918310913e-19
8.84429065762e-07
-6.36607790883e-19
8.84429065762e-07
-6.24887142172e-19
8.84429065762e-07
-6.11373567858e-19
8.84429065762e-07
-5.96687385432e-19
8.84429065762e-07
-5.80493341013e-19
8.84429065762e-07
-5.64211923611e-19
8.84429065762e-07
-5.46834630091e-19
8.84429065762e-07
-5.28269484794e-19
8.84429065762e-07
-5.0691827638e-19
8.84429065762e-07
-4.85502312387e-19
8.84429065762e-07
-4.62097934537e-19
8.84429065762e-07
-4.37796872403e-19
8.84429065762e-07
-4.12047727613e-19
8.84429065762e-07
-3.85731577261e-19
8.84429065762e-07
-3.5713718023e-19
8.84429065762e-07
-3.27914630736e-19
8.84429065762e-07
-2.96710538877e-19
8.84429065762e-07
-2.65581936641e-19
8.84429065762e-07
-2.32316051744e-19
8.84429065762e-07
-1.98606228347e-19
8.84429065762e-07
-1.6265159153e-19
8.84429065762e-07
-1.28197118511e-19
8.84429065762e-07
-9.24350755298e-20
-5.53169840814e-20
8.97494530263e-07
-4.02370933542e-20
8.97318323294e-07
-8.50687379525e-20
8.97143800893e-07
-1.26248264509e-19
8.97029434358e-07
-1.61079122672e-19
8.96958156839e-07
-1.97880909581e-19
8.9692016636e-07
-2.36235183471e-19
8.96900789571e-07
-2.77178054408e-19
8.96891831661e-07
-3.19295672626e-19
8.96887921188e-07
-3.64127293219e-19
8.96886386467e-07
-4.0900644173e-19
8.96885855843e-07
-4.54296003095e-19
8.96885720335e-07
-4.99870328596e-19
8.96885716269e-07
-5.4577298559e-19
8.96885744269e-07
-5.90882395072e-19
8.96885771275e-07
-6.37052421535e-19
8.96885790029e-07
-6.82485068425e-19
8.96885801267e-07
-7.28678017317e-19
8.96885807414e-07
-7.74125644866e-19
8.96885810546e-07
-8.19985514197e-19
8.96885812046e-07
-8.644655814e-19
8.9688581272e-07
-9.08958805659e-19
8.96885813001e-07
-9.51272374482e-19
8.96885813108e-07
-9.9301307477e-19
8.96885813142e-07
-1.03373512449e-18
8.96885813149e-07
-1.07345080653e-18
8.96885813148e-07
-1.11063624259e-18
8.96885813145e-07
-1.14660407804e-18
8.96885813143e-07
-1.18019897261e-18
8.96885813142e-07
-1.21210606498e-18
8.96885813141e-07
-1.2412086944e-18
8.9688581314e-07
-1.26774376587e-18
8.9688581314e-07
-1.29186143058e-18
8.9688581314e-07
-1.31388351081e-18
8.9688581314e-07
-1.33261275871e-18
8.9688581314e-07
-1.34844212395e-18
8.9688581314e-07
-1.36202124252e-18
8.9688581314e-07
-1.37273480042e-18
8.9688581314e-07
-1.38088567621e-18
8.9688581314e-07
-1.38562709636e-18
8.9688581314e-07
-1.38826576456e-18
8.9688581314e-07
-1.38786418388e-18
8.9688581314e-07
-1.38350438153e-18
8.9688581314e-07
-1.37580253181e-18
8.9688581314e-07
-1.36582807301e-18
8.9688581314e-07
-1.35264251836e-18
8.9688581314e-07
-1.33786507782e-18
8.9688581314e-07
-1.31940727294e-18
8.9688581314e-07
-1.29876285942e-18
8.9688581314e-07
-1.27536195197e-18
8.9688581314e-07
-1.24937818018e-18
8.9688581314e-07
-1.2206074671e-18
8.9688581314e-07
-1.18966976498e-18
8.9688581314e-07
-1.15609324211e-18
8.9688581314e-07
-1.12136373353e-18
8.9688581314e-07
-1.08401518121e-18
8.9688581314e-07
-1.04470181413e-18
8.9688581314e-07
-1.00229004926e-18
8.9688581314e-07
-9.58590825805e-19
8.9688581314e-07
-9.12449097751e-19
8.9688581314e-07
-8.63972197335e-19
8.9688581314e-07
-8.13363605088e-19
8.9688581314e-07
-7.61137689346e-19
8.9688581314e-07
-7.05944515785e-19
8.9688581314e-07
-6.48612372744e-19
8.9688581314e-07
-5.88593129424e-19
8.9688581314e-07
-5.27358115927e-19
8.9688581314e-07
-4.62737222634e-19
8.9688581314e-07
-3.95575596683e-19
8.9688581314e-07
-3.24752556066e-19
8.9688581314e-07
-2.52718237139e-19
8.9688581314e-07
-1.73310180681e-19
-8.72831415561e-20
8.97494530263e-07
1.63752468279e-10
8.97318323294e-07
1.76206969481e-10
8.97143800893e-07
1.74522400852e-10
8.97029434358e-07
1.14366534755e-10
8.96958156839e-07
7.12775181567e-11
8.9692016636e-07
3.7990479158e-11
8.96900789571e-07
1.9376788385e-11
8.96891831661e-07
8.9579095084e-12
8.96887921188e-07
3.91047262434e-12
8.96886386467e-07
1.53472072601e-12
8.96885855843e-07
5.30623408119e-13
8.96885720335e-07
1.35506995152e-13
8.96885716269e-07
4.06530237217e-15
8.96885744269e-07
-2.8001044372e-14
8.96885771275e-07
-2.70067164459e-14
8.96885790029e-07
-1.875510292e-14
8.96885801267e-07
-1.12390371525e-14
8.96885807414e-07
-6.14792415952e-15
8.96885810546e-07
-3.1334206693e-15
8.96885812046e-07
-1.50080479736e-15
8.9688581272e-07
-6.75078675819e-16
8.96885813001e-07
-2.82817405096e-16
8.96885813108e-07
-1.07995228587e-16
8.96885813142e-07
-3.5739345574e-17
8.96885813149e-07
-8.81476540582e-18
8.96885813148e-07
-4.40440272412e-19
8.96885813145e-07
1.12397931023e-18
8.96885813143e-07
6.31102610522e-19
8.96885813142e-07
-2.02918300559e-19
8.96885813141e-07
-8.77308780255e-19
8.9688581314e-07
-1.32367098672e-18
8.9688581314e-07
-1.59240418296e-18
8.9688581314e-07
-1.74764894399e-18
8.9688581314e-07
-1.83526264015e-18
8.9688581314e-07
-1.88628775221e-18
8.9688581314e-07
-1.91753096796e-18
8.9688581314e-07
-1.93738599507e-18
8.9688581314e-07
-1.94941037076e-18
8.9688581314e-07
-1.95661699573e-18
8.9688581314e-07
-1.95927148043e-18
8.9688581314e-07
-1.95719057264e-18
8.9688581314e-07
-1.95005034814e-18
8.9688581314e-07
-1.93872584217e-18
8.9688581314e-07
-1.92330886119e-18
8.9688581314e-07
-1.90369943984e-18
8.9688581314e-07
-1.88109424536e-18
8.9688581314e-07
-1.85411255084e-18
8.9688581314e-07
-1.82386519564e-18
8.9688581314e-07
-1.78946063316e-18
8.9688581314e-07
-1.75179168718e-18
8.9688581314e-07
-1.71031253458e-18
8.9688581314e-07
-1.66552828745e-18
8.9688581314e-07
-1.61796599426e-18
8.9688581314e-07
-1.56791928294e-18
8.9688581314e-07
-1.51451268842e-18
8.9688581314e-07
-1.45839341262e-18
8.9688581314e-07
-1.39881060972e-18
8.9688581314e-07
-1.33709494072e-18
8.9688581314e-07
-1.27256425289e-18
8.9688581314e-07
-1.20482829334e-18
8.9688581314e-07
-1.13450981069e-18
8.9688581314e-07
-1.06166462838e-18
8.9688581314e-07
-9.85003983796e-19
8.9688581314e-07
-9.05690370229e-19
8.9688581314e-07
-8.23004784237e-19
8.9688581314e-07
-7.37878210597e-19
8.9688581314e-07
-6.48371274789e-19
8.9688581314e-07
-5.54773269841e-19
8.9688581314e-07
-4.56382843948e-19
8.9688581314e-07
-3.54170140543e-19
8.9688581314e-07
-2.40486089154e-19
-1.14348637258e-19
8.85002074871e-07
3.30801638912e-10
8.84834178544e-07
3.44103296368e-10
8.84666550125e-07
3.42150820554e-10
8.84560154871e-07
2.20761788698e-10
8.84494298858e-07
1.37133530462e-10
8.8445980407e-07
7.24852676693e-11
8.84442330954e-07
3.68499045203e-11
8.84434344839e-07
1.69440242124e-11
8.84430883934e-07
7.37137769663e-12
8.8442954226e-07
2.87639483624e-12
8.84429085692e-07
9.8719106393e-13
8.84428974367e-07
2.46831883031e-13
8.84428975519e-07
2.91342690329e-15
8.84429002769e-07
-5.52513667289e-14
8.84429027849e-07
-5.20870002288e-14
8.84429044979e-07
-3.58852453613e-14
8.84429055146e-07
-2.14062245786e-14
8.8442906067e-07
-1.16717057187e-14
8.84429063469e-07
-5.93222977431e-15
8.84429064801e-07
-2.83358538319e-15
8.84429065397e-07
-1.27048909437e-15
8.84429065643e-07
-5.29831154355e-16
8.84429065736e-07
-2.00635913522e-16
8.84429065765e-07
-6.50335548583e-17
8.84429065771e-07
-1.47477505688e-17
8.84429065769e-07
7.51350154355e-19
8.84429065767e-07
3.55266134396e-18
8.84429065765e-07
2.56207159471e-18
8.84429065763e-07
9.75782124938e-19
8.84429065763e-07
-2.86932600954e-19
8.84429065762e-07
-1.10908932561e-18
8.84429065762e-07
-1.59278762773e-18
8.84429065762e-07
-1.86265638619e-18
8.84429065762e-07
-2.00834447211e-18
8.84429065762e-07
-2.08719356433e-18
8.84429065762e-07
-2.13123377916e-18
8.84429065762e-07
-2.1568147468e-18
8.84429065762e-07
-2.17123296345e-18
8.84429065762e-07
-2.17931293244e-18
8.84429065762e-07
-2.1814561567e-18
8.84429065762e-07
-2.17821147537e-18
8.84429065762e-07
-2.16949425367e-18
8.84429065762e-07
-2.15599867733e-18
8.84429065762e-07
-2.13839995122e-18
8.84429065762e-07
-2.11605293746e-18
8.84429065762e-07
-2.08980515942e-18
8.84429065762e-07
-2.05928288284e-18
8.84429065762e-07
-2.02447059747e-18
8.84429065762e-07
-1.98545301022e-18
8.84429065762e-07
-1.94253301927e-18
8.84429065762e-07
-1.89609793595e-18
8.84429065762e-07
-1.845626927e-18
8.84429065762e-07
-1.79218651139e-18
8.84429065762e-07
-1.73604265486e-18
8.84429065762e-07
-1.67580311758e-18
8.84429065762e-07
-1.61318591578e-18
8.84429065762e-07
-1.54702271709e-18
8.84429065762e-07
-1.47829281786e-18
8.84429065762e-07
-1.40644392351e-18
8.84429065762e-07
-1.33151731956e-18
8.84429065762e-07
-1.25391398063e-18
8.84429065762e-07
-1.17328324477e-18
8.84429065762e-07
-1.08874751562e-18
8.84429065762e-07
-1.00137683611e-18
8.84429065762e-07
-9.102541554e-19
8.84429065762e-07
-8.16039252826e-19
8.84429065762e-07
-7.17210605148e-19
8.84429065762e-07
-6.13640874261e-19
8.84429065762e-07
-5.04910791045e-19
8.84429065762e-07
-3.90698274018e-19
8.84429065762e-07
-2.62352894915e-19
-1.20833218031e-19
8.60017182611e-07
5.04425610766e-10
8.59866782031e-07
4.94503876557e-10
8.59713134954e-07
4.95797897418e-10
8.59622561983e-07
3.11334759397e-10
8.59567266635e-07
1.92428879202e-10
8.59539491402e-07
1.00260500127e-10
8.59525635288e-07
5.07060183663e-11
8.59519479153e-07
2.3100159269e-11
8.59516857479e-07
9.99305247795e-12
8.59515873089e-07
3.86078390411e-12
8.59515552011e-07
1.30826939534e-12
8.59515484064e-07
3.14778943886e-13
8.59515493967e-07
-6.98934804495e-15
8.59515519313e-07
-8.0597194797e-14
8.59515540559e-07
-7.33329750103e-14
8.59515554551e-07
-4.98776905501e-14
8.59515562676e-07
-2.95310212597e-14
8.59515567021e-07
-1.6016398323e-14
8.59515569192e-07
-8.10356016435e-15
8.59515570212e-07
-3.85389000948e-15
8.59515570662e-07
-1.71957062195e-15
8.59515570844e-07
-7.12616085136e-16
8.59515570911e-07
-2.67171424025e-16
8.59515570931e-07
-8.4781415081e-17
8.59515570934e-07
-1.77553739476e-17
8.59515570932e-07
2.52771036383e-18
8.5951557093e-07
5.91663682631e-18
8.59515570928e-07
4.36620864362e-18
8.59515570927e-07
2.1215492426e-18
8.59515570926e-07
3.74482191456e-19
8.59515570926e-07
-7.46840563896e-19
8.59515570926e-07
-1.39743908576e-18
8.59515570926e-07
-1.75313669883e-18
8.59515570926e-07
-1.94057938599e-18
8.59515570926e-07
-2.03818814631e-18
8.59515570926e-07
-2.08976914775e-18
8.59515570926e-07
-2.11769773867e-18
8.59515570926e-07
-2.13259995069e-18
8.59515570926e-07
-2.14051450206e-18
8.59515570926e-07
-2.14140833053e-18
8.59515570926e-07
-2.13726735484e-18
8.59515570926e-07
-2.12780989967e-18
8.59515570926e-07
-2.11393968645e-18
8.59515570926e-07
-2.09589418788e-18
8.59515570926e-07
-2.07274480606e-18
8.59515570926e-07
-2.04607453112e-18
8.59515570926e-07
-2.01468865654e-18
8.59515570926e-07
-1.97937695079e-18
8.59515570926e-07
-1.94033490977e-18
8.59515570926e-07
-1.89744962989e-18
8.59515570926e-07
-1.85066832625e-18
8.59515570926e-07
-1.80058117993e-18
8.59515570926e-07
-1.7477490737e-18
8.59515570926e-07
-1.69179216237e-18
8.59515570926e-07
-1.63213895751e-18
8.59515570926e-07
-1.5700973934e-18
8.59515570926e-07
-1.50504028321e-18
8.59515570926e-07
-1.43785146206e-18
8.59515570926e-07
-1.36755650383e-18
8.59515570926e-07
-1.29445468484e-18
8.59515570926e-07
-1.21905333296e-18
8.59515570926e-07
-1.14054942075e-18
8.59515570926e-07
-1.05849219601e-18
8.59515570926e-07
-9.74042754306e-19
8.59515570926e-07
-8.85580434689e-19
8.59515570926e-07
-7.93997303553e-19
8.59515570926e-07
-6.98166003131e-19
8.59515570926e-07
-5.97473911915e-19
8.59515570926e-07
-4.91555856994e-19
8.59515570926e-07
-3.79519448151e-19
8.59515570926e-07
-2.53040445919e-19
-1.13425602748e-19
8.22540021174e-07
6.87734871069e-10
8.22418046058e-07
6.16478992453e-10
8.22285815854e-07
6.28028101121e-10
8.22218599554e-07
3.78551059732e-10
8.22178406567e-07
2.3262186634e-10
8.22160024203e-07
1.18642864013e-10
8.22151124402e-07
5.96058198861e-11
8.22147437421e-07
2.67871399315e-11
8.2214593101e-07
1.1499463953e-11
8.22145414219e-07
4.3775742658e-12
8.22145266764e-07
1.4557250857e-12
8.22145252338e-07
3.29205265999e-13
8.22145271553e-07
-2.62049970487e-14
8.22145293185e-07
-1.02228369375e-13
8.22145308771e-07
-8.89195222413e-14
8.22145318344e-07
-5.94503153563e-14
8.22145323653e-07
-3.48392066821e-14
8.22145326393e-07
-1.87566676959e-14
8.22145327719e-07
-9.4297663591e-15
8.22145328323e-07
-4.45714543057e-15
8.22145328579e-07
-1.97513408343e-15
8.22145328678e-07
-8.11349241008e-16
8.22145328711e-07
-3.00023218286e-16
8.22145328719e-07
-9.24947067591e-17
8.22145328718e-07
-1.72599277261e-17
8.22145328716e-07
4.86111486218e-18
8.22145328715e-07
8.06732607241e-18
8.22145328713e-07
5.92236485341e-18
8.22145328713e-07
3.16774128105e-18
8.22145328712e-07
1.08377801884e-18
8.22145328712e-07
-2.31778260657e-19
8.22145328712e-07
-9.8468516011e-19
8.22145328712e-07
-1.38807948014e-18
8.22145328712e-07
-1.59606960264e-18
8.22145328712e-07
-1.70084877676e-18
8.22145328712e-07
-1.75353757981e-18
8.22145328712e-07
-1.78048891425e-18
8.22145328712e-07
-1.79393189299e-18
8.22145328712e-07
-1.79996519787e-18
8.22145328712e-07
-1.80017836293e-18
8.22145328712e-07
-1.79544149671e-18
8.22145328712e-07
-1.78622912532e-18
8.22145328712e-07
-1.77364963606e-18
8.22145328712e-07
-1.757659982e-18
8.22145328712e-07
-1.7373012424e-18
8.22145328712e-07
-1.71381067813e-18
8.22145328712e-07
-1.68634725405e-18
8.22145328712e-07
-1.65548983518e-18
8.22145328712e-07
-1.62197620491e-18
8.22145328712e-07
-1.5846170915e-18
8.22145328712e-07
-1.54464275837e-18
8.22145328712e-07
-1.50168122226e-18
8.22145328712e-07
-1.45652514639e-18
8.22145328712e-07
-1.40896722495e-18
8.22145328712e-07
-1.35827118136e-18
8.22145328712e-07
-1.30590955109e-18
8.22145328712e-07
-1.25105851492e-18
8.22145328712e-07
-1.19456114768e-18
8.22145328712e-07
-1.13611225501e-18
8.22145328712e-07
-1.07487125233e-18
8.22145328712e-07
-1.01213792462e-18
8.22145328712e-07
-9.46700115084e-19
8.22145328712e-07
-8.78741349544e-19
8.22145328712e-07
-8.08829464547e-19
8.22145328712e-07
-7.35351680445e-19
8.22145328712e-07
-6.59213843753e-19
8.22145328712e-07
-5.79763106073e-19
8.22145328712e-07
-4.95763808725e-19
8.22145328712e-07
-4.07220078712e-19
8.22145328712e-07
-3.12751336036e-19
8.22145328712e-07
-2.05686227221e-19
-8.87501652514e-20
7.72571266314e-07
8.83164148927e-10
7.72491158229e-07
6.96587077418e-10
7.72388207383e-07
7.30978947865e-10
7.72351202497e-07
4.15555945331e-10
7.7232967904e-07
2.54145324033e-10
7.72322523321e-07
1.25798582813e-10
7.7231937709e-07
6.27520512546e-11
7.72318491054e-07
2.76731754608e-11
7.72318220909e-07
1.17696089951e-11
7.72318210161e-07
4.38832247056e-12
7.72318244198e-07
1.42168856832e-12
7.7231828205e-07
2.91353627476e-13
7.72318307619e-07
-5.17735035487e-14
7.72318323095e-07
-1.17704474525e-13
7.72318331433e-07
-9.72571659607e-14
7.72318335671e-07
-6.36882406482e-14
7.72318337677e-07
-3.684529272e-14
7.72318338573e-07
-1.96516381138e-14
7.72318338942e-07
-9.79852015419e-15
7.72318339079e-07
-4.59435284505e-15
7.72318339122e-07
-2.01748306947e-15
7.7231833913e-07
-8.19016813419e-16
7.72318339128e-07
-2.97224274551e-16
7.72318339124e-07
-8.79777584575e-17
7.7231833912e-07
-1.35521723312e-17
7.72318339118e-07
7.41816954979e-18
7.72318339117e-07
9.74208882727e-18
7.72318339116e-07
7.04420271825e-18
7.72318339116e-07
3.98172258262e-18
7.72318339116e-07
1.74178956899e-18
7.72318339116e-07
3.53790731399e-19
7.72318339116e-07
-4.26078321374e-19
7.72318339116e-07
-8.37331737987e-19
7.72318339116e-07
-1.04359481971e-18
7.72318339116e-07
-1.14356978471e-18
7.72318339116e-07
-1.19086513031e-18
7.72318339116e-07
-1.21372704218e-18
7.72318339116e-07
-1.22292254075e-18
7.72318339116e-07
-1.22647849527e-18
7.72318339116e-07
-1.22593211711e-18
7.72318339116e-07
-1.22096765802e-18
7.72318339116e-07
-1.21278387569e-18
7.72318339116e-07
-1.20245666757e-18
7.72318339116e-07
-1.19031522385e-18
7.72318339116e-07
-1.17447917309e-18
7.72318339116e-07
-1.15684525378e-18
7.72318339116e-07
-1.13615061466e-18
7.72318339116e-07
-1.11367336085e-18
7.72318339116e-07
-1.08963022338e-18
7.72318339116e-07
-1.06223708317e-18
7.72318339116e-07
-1.03358710169e-18
7.72318339116e-07
-1.00300660511e-18
7.72318339116e-07
-9.71352420457e-19
7.72318339116e-07
-9.37861082557e-19
7.72318339116e-07
-9.02586112756e-19
7.72318339116e-07
-8.66193904866e-19
7.72318339116e-07
-8.28567653109e-19
7.72318339116e-07
-7.90274715807e-19
7.72318339116e-07
-7.51056122605e-19
7.72318339116e-07
-7.09765607051e-19
7.72318339116e-07
-6.68324863528e-19
7.72318339116e-07
-6.24584814376e-19
7.72318339116e-07
-5.79911348363e-19
7.72318339116e-07
-5.34137420143e-19
7.72318339116e-07
-4.8529776364e-19
7.72318339116e-07
-4.35041532563e-19
7.72318339116e-07
-3.82801687409e-19
7.72318339116e-07
-3.26504940849e-19
7.72318339116e-07
-2.66874989498e-19
7.72318339116e-07
-2.02504735057e-19
7.72318339116e-07
-1.28808801555e-19
-4.9965733485e-20
7.1011295452e-07
1.09111161617e-09
7.10090975981e-07
7.18565616559e-10
7.10025561922e-07
7.96393006963e-10
7.10024290592e-07
4.16827275411e-10
7.10023571166e-07
2.54864750888e-10
7.10028341146e-07
1.21028602479e-10
7.10031065041e-07
6.00281561928e-11
7.10032942812e-07
2.57954051497e-11
7.10033851813e-07
1.08606079066e-11
7.10034305905e-07
3.93423053728e-12
7.10034497191e-07
1.230402407e-12
7.10034574675e-07
2.13870474229e-13
7.1003460052e-07
-7.76180929285e-14
7.10034607141e-07
-1.24325225398e-13
7.10034607127e-07
-9.7242818863e-14
7.1003460563e-07
-6.2190809314e-14
7.10034604216e-07
-3.54315139534e-14
7.10034603249e-07
-1.86844527002e-14
7.10034602673e-07
-9.22141643956e-15
7.10034602359e-07
-4.28027372378e-15
7.100346022e-07
-1.85773563833e-15
7.10034602124e-07
-7.42604847841e-16
7.1003460209e-07
-2.62747750048e-16
7.10034602076e-07
-7.33521191824e-17
7.1003460207e-07
-7.72398115756e-18
7.10034602069e-07
9.63670089938e-18
7.10034602068e-07
1.06353139526e-17
7.10034602068e-07
7.5411694319e-18
7.10034602068e-07
4.42031630277e-18
7.10034602069e-07
2.22068566359e-18
7.10034602069e-07
8.8787352053e-19
7.10034602069e-07
1.52847074576e-19
7.10034602069e-07
-2.26653162754e-19
7.10034602069e-07
-4.1159118298e-19
7.10034602069e-07
-4.97218720067e-19
7.10034602069e-07
-5.34901598199e-19
7.10034602069e-07
-5.50586726683e-19
7.10034602069e-07
-5.55666572576e-19
7.10034602069e-07
-5.56179199898e-19
7.10034602069e-07
-5.5449697937e-19
7.10034602069e-07
-5.50016907592e-19
7.10034602069e-07
-5.434413974e-19
7.10034602069e-07
-5.36604919908e-19
7.10034602069e-07
-5.2901167418e-19
7.10034602069e-07
-5.1952825236e-19
7.10034602069e-07
-5.09215429704e-19
7.10034602069e-07
-4.97124214064e-19
7.10034602069e-07
-4.84908919679e-19
7.10034602069e-07
-4.71910223681e-19
7.10034602069e-07
-4.57055732401e-19
7.10034602069e-07
-4.41828871383e-19
7.10034602069e-07
-4.26411985988e-19
7.10034602069e-07
-4.10641627147e-19
7.10034602069e-07
-3.93745042174e-19
7.10034602069e-07
-3.76907102885e-19
7.10034602069e-07
-3.60086915312e-19
7.10034602069e-07
-3.4218352667e-19
7.10034602069e-07
-3.24890326246e-19
7.10034602069e-07
-3.08306070084e-19
7.10034602069e-07
-2.90303904235e-19
7.10034602069e-07
-2.73042139042e-19
7.10034602069e-07
-2.54558718301e-19
7.10034602069e-07
-2.36445057752e-19
7.10034602069e-07
-2.18084539837e-19
7.10034602069e-07
-1.97758065167e-19
7.10034602069e-07
-1.77508328491e-19
7.10034602069e-07
-1.55929705366e-19
7.10034602069e-07
-1.31623918515e-19
7.10034602069e-07
-1.05604973586e-19
7.10034602069e-07
-7.63840458657e-20
7.10034602069e-07
-4.20296100079e-20
-7.01265549479e-21
6.35170488454e-07
1.30657285221e-09
6.35224545353e-07
6.64508717748e-10
6.35205176978e-07
8.15761381446e-10
6.35242700833e-07
3.79303420958e-10
6.35262953672e-07
2.34611911648e-10
6.35278927734e-07
1.05054541193e-10
6.35286869396e-07
5.20864935778e-11
6.35291080879e-07
2.15839230199e-11
6.3529293454e-07
9.00694706516e-12
6.3529373722e-07
3.13155070583e-12
6.35294033526e-07
9.34096770286e-13
6.35294129147e-07
1.18249184966e-13
6.35294147494e-07
-9.59648583035e-14
6.35294143008e-07
-1.1983860362e-13
6.35294134356e-07
-8.85907876401e-14
6.3529412738e-07
-5.52141638329e-14
6.35294122853e-07
-3.09041860385e-14
6.35294120251e-07
-1.60816171252e-14
6.35294118869e-07
-7.83895983644e-15
6.35294118182e-07
-3.59355899845e-15
6.35294117862e-07
-1.53675828202e-15
6.35294117722e-07
-6.02039248274e-16
6.35294117665e-07
-2.05736028742e-16
6.35294117645e-07
-5.25449859624e-17
6.35294117639e-07
-1.33517975265e-18
6.35294117638e-07
1.0958347774e-17
6.35294117639e-07
1.05741672023e-17
6.3529411764e-07
7.36800510764e-18
6.3529411764e-07
4.46703901852e-18
6.35294117641e-07
2.50291408759e-18
6.35294117641e-07
1.342540527e-18
6.35294117641e-07
7.16876079026e-19
6.35294117641e-07
4.0205140118e-19
6.35294117641e-07
2.546558911e-19
6.35294117641e-07
1.91678162036e-19
6.35294117641e-07
1.67075215987e-19
6.35294117641e-07
1.5972925292e-19
6.35294117641e-07
1.5969491222e-19
6.35294117641e-07
1.62122031843e-19
6.35294117641e-07
1.65451056178e-19
6.35294117641e-07
1.69036002402e-19
6.35294117641e-07
1.73719662943e-19
6.35294117641e-07
1.77461579443e-19
6.35294117641e-07
1.79855385907e-19
6.35294117641e-07
1.82610246053e-19
6.35294117641e-07
1.85361204185e-19
6.35294117641e-07
1.87912121398e-19
6.35294117641e-07
1.89186373655e-19
6.35294117641e-07
1.9030515323e-19
6.35294117641e-07
1.9162938209e-19
6.35294117641e-07
1.91998347814e-19
6.35294117641e-07
1.91887263922e-19
6.35294117641e-07
1.90241878713e-19
6.35294117641e-07
1.88837750289e-19
6.35294117641e-07
1.86749877862e-19
6.35294117641e-07
1.82899730708e-19
6.35294117641e-07
1.78991061202e-19
6.35294117641e-07
1.73799717583e-19
6.35294117641e-07
1.66680171963e-19
6.35294117641e-07
1.60055502489e-19
6.35294117641e-07
1.50918940256e-19
6.35294117641e-07
1.42499066024e-19
6.35294117641e-07
1.32125875309e-19
6.35294117641e-07
1.2097811407e-19
6.35294117641e-07
1.10853746611e-19
6.35294117641e-07
9.94859288497e-20
6.35294117641e-07
8.75992681625e-20
6.35294117641e-07
7.7685539713e-20
6.35294117641e-07
6.78003377851e-20
6.35294117641e-07
5.94377325353e-20
6.35294117641e-07
5.15262086343e-20
3.97769552238e-20
5.4775688291e-07
1.51152863499e-09
5.47901728403e-07
5.19663224599e-10
5.47936910719e-07
7.80579065914e-10
5.48011994508e-07
3.04219632141e-10
5.4805085873e-07
1.95747689692e-10
5.4807565106e-07
8.02622107357e-11
5.4808738091e-07
4.03566433285e-11
5.48093127447e-07
1.58373862432e-11
5.48095542961e-07
6.59143376208e-12
5.48096520886e-07
2.15362522677e-12
5.48096852211e-07
6.02771899304e-13
5.48096940615e-07
2.98460142e-14
5.48096944293e-07
-9.96423194023e-14
5.48096927849e-07
-1.03394423248e-13
5.48096911451e-07
-7.21925536678e-14
5.48096900019e-07
-4.37827637897e-14
5.4809689313e-07
-2.40148913165e-14
5.48096889356e-07
-1.23066966581e-14
5.48096887427e-07
-5.90987692239e-15
5.48096886502e-07
-2.66825346572e-15
5.48096886086e-07
-1.11977172628e-15
5.48096885911e-07
-4.27175477146e-16
5.48096885845e-07
-1.38988746274e-16
5.48096885823e-07
-3.06333515165e-17
5.48096885819e-07
3.79195225646e-18
5.48096885819e-07
1.08090096374e-17
5.48096885821e-07
9.39314092237e-18
5.48096885822e-07
6.44991605421e-18
5.48096885823e-07
4.03679283226e-18
5.48096885824e-07
2.47046231405e-18
5.48096885824e-07
1.57050566258e-18
5.48096885824e-07
1.09834544715e-18
5.48096885824e-07
8.6923294876e-19
5.48096885824e-07
7.67292516255e-19
5.48096885824e-07
7.28513163196e-19
5.48096885824e-07
7.17271596074e-19
5.48096885824e-07
7.17705332339e-19
5.48096885824e-07
7.2180711439e-19
5.48096885824e-07
7.2691777484e-19
5.48096885824e-07
7.30937431293e-19
5.48096885824e-07
7.33678658981e-19
5.48096885824e-07
7.3661796457e-19
5.48096885824e-07
7.37206210004e-19
5.48096885824e-07
7.35551679378e-19
5.48096885824e-07
7.32453449907e-19
5.48096885824e-07
7.28281120741e-19
5.48096885824e-07
7.23487108504e-19
5.48096885824e-07
7.1647294547e-19
5.48096885824e-07
7.07535378567e-19
5.48096885824e-07
6.98162103207e-19
5.48096885824e-07
6.8656090846e-19
5.48096885824e-07
6.73758872734e-19
5.48096885824e-07
6.58519143739e-19
5.48096885824e-07
6.42787813226e-19
5.48096885824e-07
6.25154660481e-19
5.48096885824e-07
6.05034644798e-19
5.48096885824e-07
5.84156606973e-19
5.48096885824e-07
5.61316881507e-19
5.48096885824e-07
5.35634313341e-19
5.48096885824e-07
5.08955191039e-19
5.48096885824e-07
4.79892922668e-19
5.48096885824e-07
4.5033147291e-19
5.48096885824e-07
4.1796990984e-19
5.48096885824e-07
3.84037055316e-19
5.48096885824e-07
3.50264276505e-19
5.48096885824e-07
3.14117761583e-19
5.48096885824e-07
2.76469004369e-19
5.48096885824e-07
2.39478385463e-19
5.48096885824e-07
2.01563278799e-19
5.48096885824e-07
1.63481382535e-19
5.48096885824e-07
1.21951050922e-19
7.39307024913e-20
4.4790052381e-07
1.65957377147e-09
4.48135986066e-07
2.84200968616e-10
4.48233660059e-07
6.8290507278e-10
4.48338060687e-07
1.99819003512e-10
4.48390148606e-07
1.43659771249e-10
4.48419572245e-07
5.08385715382e-11
4.4843299092e-07
2.69379690271e-11
4.48439188111e-07
9.64019511159e-12
4.4844169381e-07
4.08573465655e-12
4.48442647246e-07
1.20018966052e-12
4.48442941323e-07
3.08694768179e-13
4.484430001e-07
-2.89307439588e-14
4.4844298538e-07
-8.49221960324e-14
4.48442958553e-07
-7.65678636919e-14
4.48442936784e-07
-5.04233981903e-14
4.48442922736e-07
-2.97339352585e-14
4.48442914653e-07
-1.59321164455e-14
4.4844291037e-07
-8.02306746886e-15
4.48442908243e-07
-3.78299343593e-15
4.48442907251e-07
-1.67608529442e-15
4.48442906818e-07
-6.86287298015e-16
4.48442906643e-07
-2.52428095638e-16
4.48442906581e-07
-7.62210200206e-17
4.48442906563e-07
-1.24520556126e-17
4.48442906561e-07
6.31192118207e-18
4.48442906563e-07
9.04138952827e-18
4.48442906565e-07
7.25474323398e-18
4.48442906567e-07
4.9622967822e-18
4.48442906568e-07
3.24370784801e-18
4.48442906569e-07
2.17673692211e-18
4.48442906569e-07
1.58504502048e-18
4.48442906569e-07
1.28531208683e-18
4.48442906569e-07
1.14664579664e-18
4.48442906569e-07
1.09164076018e-18
4.48442906569e-07
1.07554756633e-18
4.48442906569e-07
1.07565338731e-18
4.48442906569e-07
1.08257140888e-18
4.48442906569e-07
1.08937454583e-18
4.48442906569e-07
1.09551208177e-18
4.48442906569e-07
1.1005312537e-18
4.48442906569e-07
1.10258392478e-18
4.48442906569e-07
1.10384198812e-18
4.48442906569e-07
1.10263197752e-18
4.48442906569e-07
1.09802627014e-18
4.48442906569e-07
1.09114944639e-18
4.48442906569e-07
1.08300162813e-18
4.48442906569e-07
1.07260521059e-18
4.48442906569e-07
1.05940940944e-18
4.48442906569e-07
1.04460193527e-18
4.48442906569e-07
1.02812590046e-18
4.48442906569e-07
1.00827441844e-18
4.48442906569e-07
9.86998644951e-19
4.48442906569e-07
9.63104871487e-19
4.48442906569e-07
9.37895718135e-19
4.48442906569e-07
9.10185308359e-19
4.48442906569e-07
8.79043823727e-19
4.48442906569e-07
8.4696005722e-19
4.48442906569e-07
8.12767227163e-19
4.48442906569e-07
7.75052076733e-19
4.48442906569e-07
7.35665484955e-19
4.48442906569e-07
6.93554670265e-19
4.48442906569e-07
6.50188868258e-19
4.48442906569e-07
6.03699784963e-19
4.48442906569e-07
5.55214763591e-19
4.48442906569e-07
5.05741364661e-19
4.48442906569e-07
4.53512848132e-19
4.48442906569e-07
3.99479682119e-19
4.48442906569e-07
3.44690361696e-19
4.48442906569e-07
2.88291244729e-19
4.48442906569e-07
2.3089340248e-19
4.48442906569e-07
1.67206016116e-19
9.51628192169e-20
3.3566294783e-07
1.64276644091e-09
3.35944383985e-07
2.76481403484e-12
3.36112085171e-07
5.15203887073e-10
3.36226206582e-07
8.5697591979e-11
3.36283068819e-07
8.67975339062e-11
3.36311162916e-07
2.27444751731e-11
3.36323786294e-07
1.43145906352e-11
3.36329207156e-07
4.2193331056e-12
3.36331333268e-07
1.95962236957e-12
3.36332076425e-07
4.57032949579e-13
3.36332277927e-07
1.07193051197e-13
3.36332295164e-07
-4.61675136924e-14
3.36332264644e-07
-5.44021024549e-14
3.36332232281e-07
-4.42050681394e-14
3.36332209152e-07
-2.7295013587e-14
3.36332195074e-07
-1.56551835825e-14
3.36332187292e-07
-8.15070654253e-15
3.36332183292e-07
-4.02307205449e-15
3.36332181362e-07
-1.85248148097e-15
3.36332180487e-07
-8.01069279887e-16
3.36332180117e-07
-3.16859709543e-16
3.36332179975e-07
-1.10353478531e-16
3.36332179928e-07
-2.91988739696e-17
3.36332179917e-07
-1.47493012633e-18
3.36332179918e-07
5.66825492268e-18
3.36332179921e-07
5.90297898015e-18
3.36332179924e-07
4.48018633595e-18
3.36332179926e-07
3.10397431732e-18
3.36332179927e-07
2.15739623469e-18
3.36332179927e-07
1.59803103521e-18
3.36332179928e-07
1.30113123445e-18
3.36332179928e-07
1.15974371699e-18
3.36332179928e-07
1.10025848899e-18
3.36332179928e-07
1.08183519514e-18
3.36332179928e-07
1.08202231726e-18
3.36332179928e-07
1.08939461841e-18
3.36332179928e-07
1.09767659802e-18
3.36332179928e-07
1.10544129787e-18
3.36332179928e-07
1.11110838953e-18
3.36332179928e-07
1.1154078052e-18
3.36332179928e-07
1.1172219905e-18
3.36332179928e-07
1.11783801231e-18
3.36332179928e-07
1.1155895611e-18
3.36332179928e-07
1.11048657127e-18
3.36332179928e-07
1.10300772765e-18
3.36332179928e-07
1.09360243223e-18
3.36332179928e-07
1.08267102218e-18
3.36332179928e-07
1.06858828738e-18
3.36332179928e-07
1.05267378625e-18
3.36332179928e-07
1.03522205632e-18
3.36332179928e-07
1.01482146419e-18
3.36332179928e-07
9.9261580174e-19
3.36332179928e-07
9.67852511361e-19
3.36332179928e-07
9.41583788909e-19
3.36332179928e-07
9.13160297349e-19
3.36332179928e-07
8.81869675799e-19
3.36332179928e-07
8.49150304131e-19
3.36332179928e-07
8.14273042684e-19
3.36332179928e-07
7.76415721153e-19
3.36332179928e-07
7.36625036545e-19
3.36332179928e-07
6.9427677809e-19
3.36332179928e-07
6.50662424523e-19
3.36332179928e-07
6.04265806337e-19
3.36332179928e-07
5.5565023878e-19
3.36332179928e-07
5.06162298511e-19
3.36332179928e-07
4.53912915065e-19
3.36332179928e-07
3.99452490167e-19
3.36332179928e-07
3.43979638913e-19
3.36332179928e-07
2.87129344866e-19
3.36332179928e-07
2.28557396913e-19
3.36332179928e-07
1.63497007209e-19
9.03968204668e-20
2.11205785623e-07
1.19153416084e-09
2.1133896162e-07
-1.30411182738e-10
2.11597537519e-07
2.56627987809e-10
2.11678072633e-07
5.16247782292e-12
2.11730975322e-07
3.38948458031e-11
2.11749843961e-07
3.87583608058e-12
2.1175949486e-07
4.66369116734e-12
2.11762922602e-07
7.91591189123e-13
2.11764336599e-07
5.45624577951e-13
2.11764737899e-07
5.57331983644e-14
2.11764830574e-07
1.45178341165e-14
2.11764811234e-07
-2.68274709163e-14
2.11764776298e-07
-1.9466427873e-14
2.1176474684e-07
-1.47474623746e-14
2.11764727899e-07
-8.35389587224e-15
2.11764716908e-07
-4.66428558769e-15
2.11764711084e-07
-2.32687275409e-15
2.11764708181e-07
-1.11985729939e-15
2.11764706825e-07
-4.9678121033e-16
2.1176470623e-07
-2.07001713316e-16
2.1176470599e-07
-7.70295580354e-17
2.11764705904e-07
-2.40796505e-17
2.11764705879e-07
-4.37227841665e-18
2.11764705875e-07
1.63458497144e-18
2.11764705878e-07
2.72074732515e-18
2.11764705881e-07
2.33669833934e-18
2.11764705883e-07
1.73545013351e-18
2.11764705885e-07
1.26670961331e-18
2.11764705886e-07
9.73452181161e-19
2.11764705886e-07
8.12273213274e-19
2.11764705886e-07
7.33244652459e-19
2.11764705887e-07
7.00915955889e-19
2.11764705887e-07
6.91287432353e-19
2.11764705887e-07
6.92896145083e-19
2.11764705887e-07
6.98880723411e-19
2.11764705887e-07
7.05796008397e-19
2.11764705887e-07
7.11906488344e-19
2.11764705887e-07
7.16913485691e-19
2.11764705887e-07
7.20912312027e-19
2.11764705887e-07
7.23219455247e-19
2.11764705887e-07
7.24598501291e-19
2.11764705887e-07
7.24871228003e-19
2.11764705887e-07
7.22713777842e-19
2.11764705887e-07
7.19719403818e-19
2.11764705887e-07
7.15328061651e-19
2.11764705887e-07
7.08324636593e-19
2.11764705887e-07
7.01383873051e-19
2.11764705887e-07
6.92522767675e-19
2.11764705887e-07
6.81443544217e-19
2.11764705887e-07
6.70002794153e-19
2.11764705887e-07
6.56797059609e-19
2.11764705887e-07
6.42067340682e-19
2.11764705887e-07
6.26474957716e-19
2.11764705887e-07
6.09361799329e-19
2.11764705887e-07
5.90425235133e-19
2.11764705887e-07
5.70056975053e-19
2.11764705887e-07
5.48988360797e-19
2.11764705887e-07
5.26441554241e-19
2.11764705887e-07
5.0220453872e-19
2.11764705887e-07
4.76525030421e-19
2.11764705887e-07
4.49032896493e-19
2.11764705887e-07
4.20466218378e-19
2.11764705887e-07
3.90494312467e-19
2.11764705887e-07
3.5890725982e-19
2.11764705887e-07
3.26985684826e-19
2.11764705887e-07
2.93591250092e-19
2.11764705887e-07
2.5775576321e-19
2.11764705887e-07
2.21913523426e-19
2.11764705887e-07
1.85112447114e-19
2.11764705887e-07
1.46963912498e-19
2.11764705887e-07
1.04769484713e-19
5.69440269735e-20
7.45653416189e-08
7.44349304361e-08
7.46915584239e-08
7.46967209016e-08
7.47306157473e-08
7.47344915833e-08
7.47391552743e-08
7.47399468653e-08
7.47404924897e-08
7.47405482227e-08
7.47405627403e-08
7.47405359125e-08
7.47405164458e-08
7.4740501698e-08
7.47404933438e-08
7.47404886792e-08
7.47404863519e-08
7.47404852317e-08
7.47404847345e-08
7.4740484527e-08
7.47404844495e-08
7.47404844249e-08
7.47404844201e-08
7.47404844212e-08
7.47404844233e-08
7.47404844251e-08
7.47404844263e-08
7.47404844269e-08
7.47404844273e-08
7.47404844274e-08
7.47404844275e-08
7.47404844276e-08
7.47404844276e-08
7.47404844276e-08
7.47404844276e-08
7.47404844276e-08
7.47404844276e-08
7.47404844276e-08
7.47404844276e-08
7.47404844276e-08
7.47404844276e-08
7.47404844276e-08
7.47404844276e-08
7.47404844276e-08
7.47404844276e-08
7.47404844276e-08
7.47404844276e-08
7.47404844276e-08
7.47404844276e-08
7.47404844276e-08
7.47404844276e-08
7.47404844276e-08
7.47404844276e-08
7.47404844276e-08
7.47404844276e-08
7.47404844276e-08
7.47404844276e-08
7.47404844276e-08
7.47404844276e-08
7.47404844276e-08
7.47404844276e-08
7.47404844276e-08
7.47404844276e-08
7.47404844276e-08
7.47404844276e-08
7.47404844276e-08
7.47404844276e-08
7.47404844276e-08
7.47404844276e-08
7.47404844276e-08
7.47404844276e-08
)
;

boundaryField
{
    inlet
    {
        type            calculated;
        value           nonuniform List<scalar> 
24
(
-7.33738074587e-08
-2.1075455334e-07
-3.35646140503e-07
-4.48048568946e-07
-5.47961838693e-07
-6.3538594969e-07
-7.10320901988e-07
-7.72766695592e-07
-8.22723330434e-07
-8.60190806583e-07
-8.85169124042e-07
-8.97658282732e-07
-8.97658282732e-07
-8.85169124042e-07
-8.60190806583e-07
-8.22723330434e-07
-7.72766695592e-07
-7.10320901988e-07
-6.3538594969e-07
-5.47961838693e-07
-4.48048568946e-07
-3.356461405e-07
-2.10754553343e-07
-7.33738074581e-08
)
;
    }
    outlet
    {
        type            calculated;
        value           nonuniform List<scalar> 
24
(
7.4740484429e-08
2.11764705883e-07
3.36332179931e-07
4.48442906569e-07
5.48096885824e-07
6.35294117641e-07
7.10034602069e-07
7.72318339116e-07
8.22145328712e-07
8.59515570925e-07
8.84429065762e-07
8.9688581314e-07
8.9688581314e-07
8.84429065762e-07
8.59515570926e-07
8.22145328712e-07
7.72318339116e-07
7.10034602069e-07
6.35294117641e-07
5.48096885824e-07
4.48442906569e-07
3.36332179928e-07
2.11764705887e-07
7.47404844276e-08
)
;
    }
    walls
    {
        type            calculated;
        value           uniform 0;
    }
    frontAndBack
    {
        type            empty;
        value           nonuniform 0();
    }
}


// ************************************************************************* //
