/*--------------------------------*- C++ -*----------------------------------*\
| =========                 |                                                 |
| \\      /  F ield         | OpenFOAM: The Open Source CFD Toolbox           |
|  \\    /   O peration     | Version:                                        |
|   \\  /    A nd           | Website:  www.openfoam.com                      |
|    \\/     M anipulation  |                                                 |
\*---------------------------------------------------------------------------*/
FoamFile
{
    version     2.0;
    format      ascii;
    class       volVectorField;
    location    "1000";
    object      U;
}
// * * * * * * * * * * * * * * * * * * * * * * * * * * * * * * * * * * * * * //

dimensions      [0 1 -1 0 0 0 0];


internalField   nonuniform List<vector> 
1728
(
(0.00179707225203 -2.54312629515e-06 0)
(0.00187879526065 3.24982311536e-06 0)
(0.00186000339754 -1.603597543e-06 0)
(0.00186890329956 2.96465868776e-07 0)
(0.00186752223336 -1.61121757361e-07 0)
(0.00186848330126 2.55154719207e-08 0)
(0.00186839741591 -1.6786896486e-08 0)
(0.00186850898325 2.51152516959e-09 0)
(0.00186850438412 -1.49518454288e-09 0)
(0.00186851537963 4.43048633638e-10 0)
(0.00186851381436 -1.44996629043e-11 0)
(0.00186851392832 1.28199873741e-10 0)
(0.001868513097 4.50261047149e-11 0)
(0.00186851270985 3.70548266444e-11 0)
(0.00186851240959 1.62777136677e-11 0)
(0.00186851226096 9.11378136801e-12 0)
(0.00186851217849 3.9391376669e-12 0)
(0.00186851214019 1.81988056371e-12 0)
(0.0018685121222 7.06263493016e-13 0)
(0.00186851211471 2.64334089226e-13 0)
(0.00186851211175 7.60148040603e-14 0)
(0.00186851211077 1.34594301544e-14 0)
(0.00186851211053 -4.68545541849e-15 0)
(0.00186851211053 -5.99422720313e-15 0)
(0.00186851211059 -3.31617613586e-15 0)
(0.00186851211064 -3.69798654175e-16 0)
(0.00186851211068 1.76714174409e-15 0)
(0.0018685121107 3.11897480169e-15 0)
(0.00186851211071 3.91938817988e-15 0)
(0.00186851211072 4.37856595554e-15 0)
(0.00186851211072 4.64932366725e-15 0)
(0.00186851211072 4.81434200319e-15 0)
(0.00186851211072 4.92887179429e-15 0)
(0.00186851211072 5.01140914803e-15 0)
(0.00186851211072 5.07504979751e-15 0)
(0.00186851211072 5.12276966825e-15 0)
(0.00186851211072 5.16219711634e-15 0)
(0.00186851211072 5.18292215604e-15 0)
(0.00186851211072 5.19764269756e-15 0)
(0.00186851211073 5.19843606763e-15 0)
(0.00186851211073 5.18799706911e-15 0)
(0.00186851211073 5.16633616653e-15 0)
(0.00186851211073 5.13508387822e-15 0)
(0.00186851211073 5.0907750868e-15 0)
(0.00186851211073 5.0344895018e-15 0)
(0.00186851211073 4.97121056504e-15 0)
(0.00186851211073 4.89424164621e-15 0)
(0.00186851211073 4.81273220768e-15 0)
(0.00186851211073 4.7151345149e-15 0)
(0.00186851211073 4.61165163403e-15 0)
(0.00186851211073 4.49872344651e-15 0)
(0.00186851211073 4.37780411438e-15 0)
(0.00186851211073 4.2452929279e-15 0)
(0.00186851211073 4.1120654063e-15 0)
(0.00186851211073 3.96659120301e-15 0)
(0.00186851211073 3.81789893555e-15 0)
(0.00186851211073 3.65584922196e-15 0)
(0.00186851211073 3.49650654476e-15 0)
(0.00186851211073 3.32156165669e-15 0)
(0.00186851211073 3.14513624477e-15 0)
(0.00186851211073 2.95485882292e-15 0)
(0.00186851211073 2.7657332297e-15 0)
(0.00186851211073 2.56814014242e-15 0)
(0.00186851211073 2.36140682454e-15 0)
(0.00186851211073 2.13952993874e-15 0)
(0.00186851211073 1.91969060594e-15 0)
(0.00186851211073 1.67851636682e-15 0)
(0.00186851211073 1.43587657127e-15 0)
(0.00186851211073 1.17001921432e-15 0)
(0.00186851211073 8.86397322365e-16 0)
(0.00186851211073 5.76266403151e-16 0)
(0.00186851211073 2.28233216809e-16 0)
(0.00516607223765 -1.51319910503e-05 0)
(0.00531597260741 4.48060863758e-07 0)
(0.00527747800544 -3.89394598218e-06 0)
(0.00529435835178 -4.03113172659e-07 0)
(0.00529187731187 -5.71780633253e-07 0)
(0.00529390127761 -1.12018059098e-07 0)
(0.00529381895127 -8.5043681749e-08 0)
(0.00529407931435 -2.02307582961e-08 0)
(0.00529408979566 -1.05224524359e-08 0)
(0.00529411959639 -1.74941177535e-09 0)
(0.00529411977648 -3.3251015535e-10 0)
(0.00529412110625 4.40671277793e-10 0)
(0.00529411976402 3.74133087972e-10 0)
(0.00529411901615 2.82402716682e-10 0)
(0.00529411837202 1.65412976873e-10 0)
(0.00529411802623 9.25605988117e-11 0)
(0.00529411782669 4.69114963138e-11 0)
(0.00529411772887 2.27086598543e-11 0)
(0.00529411768116 1.02121780276e-11 0)
(0.00529411766013 4.31048899394e-12 0)
(0.0052941176513 1.64851261669e-12 0)
(0.00529411764801 5.47043403632e-13 0)
(0.00529411764696 1.30878554998e-13 0)
(0.00529411764674 -6.6159393683e-16 0)
(0.00529411764679 -2.7394724534e-14 0)
(0.00529411764688 -2.16163960665e-14 0)
(0.00529411764695 -9.97062171937e-15 0)
(0.005294117647 -3.33241324806e-16 0)
(0.00529411764703 6.0600765217e-15 0)
(0.00529411764705 9.86902311634e-15 0)
(0.00529411764705 1.2020055353e-14 0)
(0.00529411764706 1.3202114136e-14 0)
(0.00529411764706 1.38675356802e-14 0)
(0.00529411764706 1.42565030953e-14 0)
(0.00529411764706 1.45044055487e-14 0)
(0.00529411764706 1.46651801638e-14 0)
(0.00529411764706 1.47787203221e-14 0)
(0.00529411764706 1.4849413683e-14 0)
(0.00529411764706 1.4890303574e-14 0)
(0.00529411764706 1.48916295802e-14 0)
(0.00529411764706 1.48611184216e-14 0)
(0.00529411764706 1.47979307235e-14 0)
(0.00529411764706 1.47053411335e-14 0)
(0.00529411764706 1.45778325859e-14 0)
(0.00529411764706 1.44173790701e-14 0)
(0.00529411764706 1.42361083051e-14 0)
(0.00529411764706 1.40197777655e-14 0)
(0.00529411764706 1.37769836873e-14 0)
(0.00529411764706 1.35034715333e-14 0)
(0.00529411764706 1.32080763688e-14 0)
(0.00529411764706 1.28806004129e-14 0)
(0.00529411764706 1.25367453962e-14 0)
(0.00529411764706 1.21634314017e-14 0)
(0.00529411764706 1.17794046533e-14 0)
(0.00529411764706 1.13599400114e-14 0)
(0.00529411764706 1.09335407384e-14 0)
(0.00529411764706 1.04714999276e-14 0)
(0.00529411764706 1.00064919563e-14 0)
(0.00529411764706 9.51342269194e-15 0)
(0.00529411764706 9.00344747905e-15 0)
(0.00529411764706 8.46571527873e-15 0)
(0.00529411764706 7.92210368406e-15 0)
(0.00529411764706 7.34792606743e-15 0)
(0.00529411764706 6.75432700623e-15 0)
(0.00529411764706 6.13038832101e-15 0)
(0.00529411764706 5.48892995271e-15 0)
(0.00529411764706 4.79971140777e-15 0)
(0.00529411764706 4.09761458851e-15 0)
(0.00529411764706 3.33440720353e-15 0)
(0.00529411764706 2.51739192148e-15 0)
(0.00529411764706 1.5896820298e-15 0)
(0.00529411764706 6.06964351175e-16 0)
(0.00826275608046 -1.78722374237e-05 0)
(0.00843826133235 -1.59256354841e-06 0)
(0.00838819798213 -6.09792325276e-06 0)
(0.00840859388913 -1.42308424782e-06 0)
(0.00840535245891 -1.14520835597e-06 0)
(0.00840794134599 -3.5698310699e-07 0)
(0.00840787357345 -2.00604163807e-07 0)
(0.00840822929535 -6.59969363183e-08 0)
(0.00840825655549 -2.8740372256e-08 0)
(0.00840830148198 -7.60220565666e-09 0)
(0.00840830498885 -1.81234229317e-09 0)
(0.00840830810507 4.73103051929e-10 0)
(0.00840830696417 7.23295962938e-10 0)
(0.00840830621197 6.0688304883e-10 0)
(0.00840830544692 3.84989091247e-10 0)
(0.00840830501175 2.22966848472e-10 0)
(0.00840830474969 1.17517290151e-10 0)
(0.00840830461651 5.84630160146e-11 0)
(0.00840830454956 2.72027042334e-11 0)
(0.00840830451901 1.1893119509e-11 0)
(0.00840830450566 4.78847241638e-12 0)
(0.00840830450039 1.7232668028e-12 0)
(0.00840830449853 5.02674571632e-13 0)
(0.00840830449802 7.56558574392e-14 0)
(0.00840830449798 -4.05421085673e-14 0)
(0.00840830449806 -4.97235612166e-14 0)
(0.00840830449814 -3.12677587389e-14 0)
(0.0084083044982 -1.1768493964e-14 0)
(0.00840830449823 2.29226635525e-15 0)
(0.00840830449825 1.10219385336e-14 0)
(0.00840830449826 1.60228813363e-14 0)
(0.00840830449827 1.87530958757e-14 0)
(0.00840830449827 2.0234027582e-14 0)
(0.00840830449827 2.10454310529e-14 0)
(0.00840830449827 2.15164711032e-14 0)
(0.00840830449827 2.17956053253e-14 0)
(0.00840830449827 2.1980126008e-14 0)
(0.00840830449827 2.2095971412e-14 0)
(0.00840830449827 2.21563768897e-14 0)
(0.00840830449827 2.21592533625e-14 0)
(0.00840830449827 2.21118031561e-14 0)
(0.00840830449827 2.20180502555e-14 0)
(0.00840830449827 2.18798130836e-14 0)
(0.00840830449827 2.16974692139e-14 0)
(0.00840830449827 2.14637605187e-14 0)
(0.00840830449827 2.11861246578e-14 0)
(0.00840830449827 2.08631774807e-14 0)
(0.00840830449827 2.05041708438e-14 0)
(0.00840830449827 2.01019542689e-14 0)
(0.00840830449827 1.96591712129e-14 0)
(0.00840830449827 1.91755410712e-14 0)
(0.00840830449827 1.86688663349e-14 0)
(0.00840830449827 1.81169044737e-14 0)
(0.00840830449827 1.7537714781e-14 0)
(0.00840830449827 1.69212188636e-14 0)
(0.00840830449827 1.6279923412e-14 0)
(0.00840830449827 1.55982736906e-14 0)
(0.00840830449827 1.49016239715e-14 0)
(0.00840830449827 1.41726500765e-14 0)
(0.00840830449827 1.34131270493e-14 0)
(0.00840830449827 1.26211545236e-14 0)
(0.00840830449827 1.18021509389e-14 0)
(0.00840830449827 1.09485337703e-14 0)
(0.00840830449827 1.00650839515e-14 0)
(0.00840830449827 9.13480233694e-15 0)
(0.00840830449827 8.18600786685e-15 0)
(0.00840830449827 7.1613304167e-15 0)
(0.00840830449827 6.10378160652e-15 0)
(0.00840830449827 4.97416840508e-15 0)
(0.00840830449827 3.76305779745e-15 0)
(0.00840830449827 2.35983955326e-15 0)
(0.00840830449827 8.60278059771e-16 0)
(0.0110633253187 -1.64246932222e-05 0)
(0.0112474552695 -4.14946653061e-06 0)
(0.0111902930794 -7.47954732636e-06 0)
(0.0112119130549 -2.56622501387e-06 0)
(0.0112078880806 -1.71928727389e-06 0)
(0.011210684315 -6.59465528439e-07 0)
(0.0112105778852 -3.37546664971e-07 0)
(0.0112109768631 -1.26959952778e-07 0)
(0.0112110105396 -5.30190556928e-08 0)
(0.011211064536 -1.64754352512e-08 0)
(0.0112110706634 -4.3965010169e-09 0)
(0.0112110754667 8.29672019446e-11 0)
(0.0112110748532 9.64547799744e-10 0)
(0.0112110743396 9.19084990832e-10 0)
(0.0112110736307 6.21148249914e-10 0)
(0.0112110732066 3.70721875699e-10 0)
(0.0112110729375 2.00776646659e-10 0)
(0.0112110727965 1.01907842868e-10 0)
(0.0112110727235 4.84694521994e-11 0)
(0.0112110726892 2.16745579417e-11 0)
(0.0112110726738 8.99257654508e-12 0)
(0.0112110726674 3.38180616405e-12 0)
(0.011211072665 1.07795315099e-12 0)
(0.0112110726643 2.29580911247e-13 0)
(0.0112110726641 -2.88334408113e-14 0)
(0.0112110726641 -7.31127642346e-14 0)
(0.0112110726642 -5.44260401619e-14 0)
(0.0112110726643 -2.65445423766e-14 0)
(0.0112110726643 -4.68443911083e-15 0)
(0.0112110726643 9.41002381224e-15 0)
(0.0112110726643 1.76376574932e-14 0)
(0.0112110726643 2.21637370584e-14 0)
(0.0112110726643 2.45921887467e-14 0)
(0.0112110726643 2.5886735578e-14 0)
(0.0112110726643 2.6603570311e-14 0)
(0.0112110726643 2.70088900289e-14 0)
(0.0112110726643 2.72598065179e-14 0)
(0.0112110726643 2.7411485667e-14 0)
(0.0112110726643 2.74861875328e-14 0)
(0.0112110726643 2.74960660394e-14 0)
(0.0112110726643 2.7438365823e-14 0)
(0.0112110726643 2.73191860505e-14 0)
(0.0112110726643 2.7148506775e-14 0)
(0.0112110726643 2.69238842318e-14 0)
(0.0112110726643 2.66308477124e-14 0)
(0.0112110726643 2.62906780657e-14 0)
(0.0112110726643 2.58889230042e-14 0)
(0.0112110726643 2.54428920257e-14 0)
(0.0112110726643 2.49458585979e-14 0)
(0.0112110726643 2.43949111727e-14 0)
(0.0112110726643 2.37996460075e-14 0)
(0.0112110726643 2.31672188843e-14 0)
(0.0112110726643 2.24823921055e-14 0)
(0.0112110726643 2.17647230892e-14 0)
(0.0112110726643 2.10035120582e-14 0)
(0.0112110726643 2.02041696838e-14 0)
(0.0112110726643 1.93620015583e-14 0)
(0.0112110726643 1.84992768593e-14 0)
(0.0112110726643 1.7591959319e-14 0)
(0.0112110726643 1.66478051216e-14 0)
(0.0112110726643 1.56674057629e-14 0)
(0.0112110726643 1.46506560086e-14 0)
(0.0112110726643 1.35962156159e-14 0)
(0.0112110726643 1.25041808543e-14 0)
(0.0112110726643 1.13502008165e-14 0)
(0.0112110726643 1.01693700978e-14 0)
(0.0112110726643 8.90775275647e-15 0)
(0.0112110726643 7.59705596382e-15 0)
(0.0112110726643 6.19944435907e-15 0)
(0.0112110726643 4.69454096296e-15 0)
(0.0112110726643 2.94974160815e-15 0)
(0.0112110726643 1.04959989451e-15 0)
(0.0135580551698 -1.42383295561e-05 0)
(0.0137443804798 -6.11184639934e-06 0)
(0.0136826462889 -8.13404655843e-06 0)
(0.0137042798064 -3.49968374284e-06 0)
(0.0136994042814 -2.19253794974e-06 0)
(0.0137021497016 -9.436388219e-07 0)
(0.0137019374536 -4.6929104454e-07 0)
(0.01370233082 -1.89673184228e-07 0)
(0.0137023556424 -7.88534750045e-08 0)
(0.0137024111819 -2.66325991243e-08 0)
(0.0137024178645 -7.68991215593e-09 0)
(0.0137024237089 -6.97500778324e-10 0)
(0.0137024236387 1.01822736969e-09 0)
(0.0137024234818 1.14378838183e-09 0)
(0.0137024229496 8.20281219299e-10 0)
(0.0137024226172 5.03875333073e-10 0)
(0.0137024223895 2.79098264221e-10 0)
(0.013702422267 1.44092394899e-10 0)
(0.0137024222014 6.97141977815e-11 0)
(0.0137024221697 3.17232745808e-11 0)
(0.013702422155 1.34517386094e-11 0)
(0.0137024221488 5.21553500045e-12 0)
(0.0137024221463 1.75717717214e-12 0)
(0.0137024221454 4.39302439676e-13 0)
(0.0137024221452 1.02627672794e-14 0)
(0.0137024221452 -8.44980863736e-14 0)
(0.0137024221452 -7.33718774898e-14 0)
(0.0137024221453 -4.08337788714e-14 0)
(0.0137024221453 -1.28613534769e-14 0)
(0.0137024221453 5.87377284115e-15 0)
(0.0137024221453 1.70303200605e-14 0)
(0.0137024221453 2.32302886148e-14 0)
(0.0137024221453 2.65531082243e-14 0)
(0.0137024221453 2.83053277273e-14 0)
(0.0137024221453 2.92440598106e-14 0)
(0.0137024221453 2.97567519427e-14 0)
(0.0137024221453 3.00615669159e-14 0)
(0.0137024221453 3.02361347721e-14 0)
(0.0137024221453 3.03216518953e-14 0)
(0.0137024221453 3.03365349982e-14 0)
(0.0137024221453 3.02714260223e-14 0)
(0.0137024221453 3.01390090144e-14 0)
(0.0137024221453 2.99519045655e-14 0)
(0.0137024221453 2.97027139136e-14 0)
(0.0137024221453 2.93793907506e-14 0)
(0.0137024221453 2.90035296635e-14 0)
(0.0137024221453 2.85596590394e-14 0)
(0.0137024221453 2.80649121106e-14 0)
(0.0137024221453 2.75159560792e-14 0)
(0.0137024221453 2.69073701132e-14 0)
(0.0137024221453 2.62524450921e-14 0)
(0.0137024221453 2.55511252814e-14 0)
(0.0137024221453 2.4795491631e-14 0)
(0.0137024221453 2.4007563613e-14 0)
(0.0137024221453 2.31642032356e-14 0)
(0.0137024221453 2.22796123923e-14 0)
(0.0137024221453 2.13539246371e-14 0)
(0.0137024221453 2.04022617782e-14 0)
(0.0137024221453 1.94060261758e-14 0)
(0.0137024221453 1.83660559444e-14 0)
(0.0137024221453 1.72846771904e-14 0)
(0.0137024221453 1.61702830707e-14 0)
(0.0137024221453 1.500616741e-14 0)
(0.0137024221453 1.38009699273e-14 0)
(0.0137024221453 1.25372408076e-14 0)
(0.0137024221453 1.1232459896e-14 0)
(0.0137024221453 9.84955444208e-15 0)
(0.0137024221453 8.4051257156e-15 0)
(0.0137024221453 6.86841179665e-15 0)
(0.0137024221453 5.21108965422e-15 0)
(0.0137024221453 3.28920521761e-15 0)
(0.0137024221453 1.15700353008e-15 0)
(0.0157430863146 -1.20170948601e-05 0)
(0.0159293045368 -7.1095197505e-06 0)
(0.0158644908685 -8.19025418701e-06 0)
(0.0158855513664 -4.07508435035e-06 0)
(0.0158797987139 -2.49770594474e-06 0)
(0.0158823214492 -1.15582050861e-06 0)
(0.0158819457777 -5.72124732124e-07 0)
(0.0158822926647 -2.4187238593e-07 0)
(0.015882293212 -1.01294185105e-07 0)
(0.0158823426961 -3.6016402422e-08 0)
(0.0158823473171 -1.10121385173e-08 0)
(0.0158823532501 -1.68004690795e-09 0)
(0.0158823535283 8.93492206971e-10 0)
(0.0158823537393 1.24902858187e-09 0)
(0.0158823534481 9.49555546449e-10 0)
(0.0158823532619 5.99506727633e-10 0)
(0.0158823531127 3.38608334154e-10 0)
(0.0158823530303 1.77410235542e-10 0)
(0.0158823529835 8.70429978254e-11 0)
(0.0158823529604 4.01704289097e-11 0)
(0.0158823529492 1.73229330076e-11 0)
(0.0158823529443 6.87091748689e-12 0)
(0.0158823529422 2.40557810914e-12 0)
(0.0158823529414 6.6095274338e-13 0)
(0.0158823529412 6.70072147549e-14 0)
(0.0158823529411 -8.28270683783e-14 0)
(0.0158823529411 -8.4885714716e-14 0)
(0.0158823529411 -5.18946297244e-14 0)
(0.0158823529412 -2.0446638165e-14 0)
(0.0158823529412 1.43117082539e-15 0)
(0.0158823529412 1.47191297772e-14 0)
(0.0158823529412 2.21794634047e-14 0)
(0.0158823529412 2.61839867518e-14 0)
(0.0158823529412 2.82841086754e-14 0)
(0.0158823529412 2.93896568679e-14 0)
(0.0158823529412 2.99793155391e-14 0)
(0.0158823529412 3.031406685e-14 0)
(0.0158823529412 3.05011678935e-14 0)
(0.0158823529412 3.05918897531e-14 0)
(0.0158823529412 3.06037319763e-14 0)
(0.0158823529412 3.05379756857e-14 0)
(0.0158823529412 3.04039380329e-14 0)
(0.0158823529412 3.02139863479e-14 0)
(0.0158823529412 2.99607497274e-14 0)
(0.0158823529412 2.96336398232e-14 0)
(0.0158823529412 2.92486073866e-14 0)
(0.0158823529412 2.88052188379e-14 0)
(0.0158823529412 2.83011085996e-14 0)
(0.0158823529412 2.77428308624e-14 0)
(0.0158823529412 2.71289061701e-14 0)
(0.0158823529412 2.64686775024e-14 0)
(0.0158823529412 2.5761390523e-14 0)
(0.0158823529412 2.49984217875e-14 0)
(0.0158823529412 2.42039849627e-14 0)
(0.0158823529412 2.33538721215e-14 0)
(0.0158823529412 2.24551845078e-14 0)
(0.0158823529412 2.1522785404e-14 0)
(0.0158823529412 2.05636141624e-14 0)
(0.0158823529412 1.95607377503e-14 0)
(0.0158823529412 1.85159039633e-14 0)
(0.0158823529412 1.74268873471e-14 0)
(0.0158823529412 1.63065046911e-14 0)
(0.0158823529412 1.51346769467e-14 0)
(0.0158823529412 1.39198325266e-14 0)
(0.0158823529412 1.2654409303e-14 0)
(0.0158823529412 1.13418713615e-14 0)
(0.0158823529412 9.95543990153e-15 0)
(0.0158823529412 8.4991202483e-15 0)
(0.0158823529412 6.95834941593e-15 0)
(0.0158823529412 5.28741916007e-15 0)
(0.0158823529412 3.35178593524e-15 0)
(0.0158823529412 1.17391414069e-15 0)
(0.0176168052976 -9.86650697877e-06 0)
(0.0178022339679 -7.23367023967e-06 0)
(0.0177352987606 -7.74387021012e-06 0)
(0.0177555595365 -4.25363077735e-06 0)
(0.0177489606656 -2.59794291883e-06 0)
(0.017751163168 -1.26335228699e-06 0)
(0.017750587035 -6.28065142321e-07 0)
(0.0177508582088 -2.73870510894e-07 0)
(0.017750822193 -1.15894145798e-07 0)
(0.0177508592444 -4.26709890997e-08 0)
(0.0177508593369 -1.36077213574e-08 0)
(0.0177508643634 -2.60644324924e-09 0)
(0.0177508646955 6.52800025548e-10 0)
(0.0177508652125 1.23404858693e-09 0)
(0.0177508651789 9.9348265059e-10 0)
(0.017750865167 6.43426634461e-10 0)
(0.0177508651192 3.69624016838e-10 0)
(0.0177508650914 1.96121729244e-10 0)
(0.0177508650721 9.73396105965e-11 0)
(0.017750865062 4.54383521428e-11 0)
(0.0177508650565 1.98553409197e-11 0)
(0.0177508650539 8.01272819198e-12 0)
(0.0177508650527 2.88411336185e-12 0)
(0.0177508650522 8.42346780607e-13 0)
(0.017750865052 1.24794820185e-13 0)
(0.0177508650519 -7.1592570077e-14 0)
(0.0177508650519 -8.84915272966e-14 0)
(0.0177508650519 -5.85703589497e-14 0)
(0.0177508650519 -2.65776715548e-14 0)
(0.0177508650519 -3.4858995257e-15 0)
(0.0177508650519 1.07864326394e-14 0)
(0.0177508650519 1.88804885503e-14 0)
(0.0177508650519 2.32363731631e-14 0)
(0.0177508650519 2.55080109916e-14 0)
(0.0177508650519 2.66858177554e-14 0)
(0.0177508650519 2.72973433345e-14 0)
(0.0177508650519 2.76372541161e-14 0)
(0.0177508650519 2.78206085677e-14 0)
(0.0177508650519 2.78983615879e-14 0)
(0.0177508650519 2.79092378928e-14 0)
(0.0177508650519 2.78507656412e-14 0)
(0.0177508650519 2.77241195316e-14 0)
(0.0177508650519 2.75471135481e-14 0)
(0.0177508650519 2.73106388434e-14 0)
(0.0177508650519 2.70105504188e-14 0)
(0.0177508650519 2.66572298812e-14 0)
(0.0177508650519 2.62501516298e-14 0)
(0.0177508650519 2.57864883221e-14 0)
(0.0177508650519 2.52789229518e-14 0)
(0.0177508650519 2.47136474394e-14 0)
(0.0177508650519 2.41094214386e-14 0)
(0.0177508650519 2.34629465755e-14 0)
(0.0177508650519 2.27683272777e-14 0)
(0.0177508650519 2.20363286488e-14 0)
(0.0177508650519 2.12610661652e-14 0)
(0.0177508650519 2.0441120573e-14 0)
(0.0177508650519 1.95901960858e-14 0)
(0.0177508650519 1.87143238296e-14 0)
(0.0177508650519 1.78039975909e-14 0)
(0.0177508650519 1.68525507867e-14 0)
(0.0177508650519 1.58634861655e-14 0)
(0.0177508650519 1.48406442938e-14 0)
(0.0177508650519 1.3783956799e-14 0)
(0.0177508650519 1.26785192533e-14 0)
(0.0177508650519 1.15366698997e-14 0)
(0.0177508650519 1.03426248518e-14 0)
(0.0177508650519 9.08680595044e-15 0)
(0.0177508650519 7.76112301535e-15 0)
(0.0177508650519 6.36399484752e-15 0)
(0.0177508650519 4.84180376051e-15 0)
(0.0177508650519 3.07444388668e-15 0)
(0.0177508650519 1.05757961828e-15 0)
(0.0191785355755 -7.83750341497e-06 0)
(0.0193631079223 -6.68208378381e-06 0)
(0.0192947086492 -6.88048928943e-06 0)
(0.0193141450776 -4.05144868626e-06 0)
(0.0193067818598 -2.48369326416e-06 0)
(0.0193086288211 -1.25137243073e-06 0)
(0.0193078395093 -6.26603470716e-07 0)
(0.0193080193277 -2.79410991902e-07 0)
(0.0193079396199 -1.19456724599e-07 0)
(0.0193079600595 -4.5087765658e-08 0)
(0.0193079538496 -1.4832106027e-08 0)
(0.0193079571676 -3.22696184051e-09 0)
(0.0193079572637 3.77834324704e-10 0)
(0.01930795799 1.11710816955e-09 0)
(0.0193079581958 9.50016403098e-10 0)
(0.0193079583621 6.294982105e-10 0)
(0.0193079584241 3.66880204749e-10 0)
(0.0193079584579 1.96736603767e-10 0)
(0.0193079584705 9.85657040841e-11 0)
(0.0193079584758 4.64336815513e-11 0)
(0.0193079584775 2.0500806302e-11 0)
(0.0193079584779 8.38283532104e-12 0)
(0.0193079584779 3.078985885e-12 0)
(0.0193079584778 9.37201174534e-13 0)
(0.0193079584777 1.6693412589e-13 0)
(0.0193079584776 -5.55376162715e-14 0)
(0.0193079584776 -8.45931600696e-14 0)
(0.0193079584775 -6.00165155723e-14 0)
(0.0193079584775 -3.02248889456e-14 0)
(0.0193079584775 -7.97561950156e-15 0)
(0.0193079584775 5.99064465014e-15 0)
(0.0193079584775 1.39767309412e-14 0)
(0.0193079584775 1.82802826732e-14 0)
(0.0193079584775 2.05160714081e-14 0)
(0.0193079584775 2.16567107175e-14 0)
(0.0193079584775 2.22396839435e-14 0)
(0.0193079584775 2.25440636465e-14 0)
(0.0193079584775 2.27019918008e-14 0)
(0.0193079584775 2.27725584783e-14 0)
(0.0193079584775 2.2774856139e-14 0)
(0.0193079584775 2.27215771735e-14 0)
(0.0193079584775 2.26151288734e-14 0)
(0.0193079584775 2.24647879441e-14 0)
(0.0193079584775 2.22679216613e-14 0)
(0.0193079584775 2.20211431079e-14 0)
(0.0193079584775 2.17297774738e-14 0)
(0.0193079584775 2.13900542652e-14 0)
(0.0193079584775 2.10082672242e-14 0)
(0.0193079584775 2.05879824566e-14 0)
(0.0193079584775 2.01238554658e-14 0)
(0.0193079584775 1.96267387431e-14 0)
(0.0193079584775 1.90911199605e-14 0)
(0.0193079584775 1.85263561128e-14 0)
(0.0193079584775 1.79243601105e-14 0)
(0.0193079584775 1.7288677928e-14 0)
(0.0193079584775 1.66170031383e-14 0)
(0.0193079584775 1.59264879799e-14 0)
(0.0193079584775 1.52089592222e-14 0)
(0.0193079584775 1.44736184142e-14 0)
(0.0193079584775 1.37003572302e-14 0)
(0.0193079584775 1.29012461236e-14 0)
(0.0193079584775 1.20686380765e-14 0)
(0.0193079584775 1.12115906918e-14 0)
(0.0193079584775 1.03165719266e-14 0)
(0.0193079584775 9.39526639901e-15 0)
(0.0193079584775 8.42579053616e-15 0)
(0.0193079584775 7.40965761896e-15 0)
(0.0193079584775 6.33616421058e-15 0)
(0.0193079584775 5.20090743452e-15 0)
(0.0193079584775 3.96448761193e-15 0)
(0.0193079584775 2.51375495782e-15 0)
(0.0193079584775 8.34648058055e-16 0)
(0.0204280116526 -5.94200063372e-06 0)
(0.0206118671787 -5.63667195857e-06 0)
(0.020542472385 -5.68390043538e-06 0)
(0.0205611723077 -3.51509411911e-06 0)
(0.0205531643061 -2.16783528751e-06 0)
(0.0205546706154 -1.12045273301e-06 0)
(0.0205536791136 -5.65187428139e-07 0)
(0.0205537657998 -2.56160528764e-07 0)
(0.0205536413318 -1.1048671097e-07 0)
(0.0205536437295 -4.24510499436e-08 0)
(0.0205536304796 -1.42846660119e-08 0)
(0.0205536316479 -3.36127999827e-09 0)
(0.0205536313037 1.42612996362e-10 0)
(0.0205536321422 9.25100859169e-10 0)
(0.0205536325475 8.2698964229e-10 0)
(0.0205536328767 5.58772108302e-10 0)
(0.0205536330436 3.29535218385e-10 0)
(0.0205536331379 1.78224456759e-10 0)
(0.0205536331825 8.9954333757e-11 0)
(0.0205536332038 4.26793701936e-11 0)
(0.0205536332128 1.89918288933e-11 0)
(0.0205536332165 7.84213556903e-12 0)
(0.0205536332178 2.92237712361e-12 0)
(0.0205536332182 9.14481687055e-13 0)
(0.0205536332182 1.80208358452e-13 0)
(0.0205536332181 -3.97646644254e-14 0)
(0.0205536332181 -7.48734460452e-14 0)
(0.020553633218 -5.65744667433e-14 0)
(0.020553633218 -3.12824356944e-14 0)
(0.020553633218 -1.18193321983e-14 0)
(0.020553633218 5.52332047959e-16 0)
(0.020553633218 7.66590788963e-15 0)
(0.020553633218 1.14908904564e-14 0)
(0.020553633218 1.34661026161e-14 0)
(0.020553633218 1.44529374819e-14 0)
(0.020553633218 1.49439764093e-14 0)
(0.020553633218 1.51785770208e-14 0)
(0.020553633218 1.52962587531e-14 0)
(0.020553633218 1.53497557062e-14 0)
(0.020553633218 1.53428842921e-14 0)
(0.020553633218 1.52978101721e-14 0)
(0.020553633218 1.52193460734e-14 0)
(0.020553633218 1.51159702441e-14 0)
(0.020553633218 1.497702938e-14 0)
(0.020553633218 1.48042529287e-14 0)
(0.020553633218 1.45972820683e-14 0)
(0.020553633218 1.43652394069e-14 0)
(0.020553633218 1.4098473379e-14 0)
(0.020553633218 1.38041869184e-14 0)
(0.020553633218 1.34885467787e-14 0)
(0.020553633218 1.31499855078e-14 0)
(0.020553633218 1.27861482576e-14 0)
(0.020553633218 1.24013610902e-14 0)
(0.020553633218 1.1987095044e-14 0)
(0.020553633218 1.15571176765e-14 0)
(0.020553633218 1.10979963614e-14 0)
(0.020553633218 1.06369603045e-14 0)
(0.020553633218 1.0154237192e-14 0)
(0.020553633218 9.66329972745e-15 0)
(0.020553633218 9.14662575168e-15 0)
(0.020553633218 8.61573916803e-15 0)
(0.020553633218 8.05597113968e-15 0)
(0.020553633218 7.49006628299e-15 0)
(0.020553633218 6.89654831025e-15 0)
(0.020553633218 6.28510272802e-15 0)
(0.020553633218 5.6414282066e-15 0)
(0.020553633218 4.96941903124e-15 0)
(0.020553633218 4.25196080505e-15 0)
(0.020553633218 3.49785890364e-15 0)
(0.020553633218 2.65875255429e-15 0)
(0.020553633218 1.66099864468e-15 0)
(0.020553633218 4.95218210102e-16 0)
(0.0213651403923 -4.16091265857e-06 0)
(0.0215484681611 -4.24644930335e-06 0)
(0.0214784207516 -4.23490609219e-06 0)
(0.0214965338337 -2.7084918519e-06 0)
(0.0214880256566 -1.68012749791e-06 0)
(0.0214892447232 -8.83976832096e-07 0)
(0.021488082609 -4.48677204769e-07 0)
(0.0214880870659 -2.05701419159e-07 0)
(0.0214879227726 -8.93330113268e-08 0)
(0.0214879085457 -3.47514371118e-08 0)
(0.0214878886805 -1.18808799129e-08 0)
(0.0214878876993 -2.93681365114e-09 0)
(0.021487886843 -5.40787581469e-12 0)
(0.0214878877199 6.85082215627e-10 0)
(0.0214878882751 6.38596274086e-10 0)
(0.0214878887371 4.38191422549e-10 0)
(0.0214878889929 2.6077702388e-10 0)
(0.0214878891394 1.41949594968e-10 0)
(0.0214878892122 7.20403789627e-11 0)
(0.0214878892477 3.4358596332e-11 0)
(0.0214878892634 1.53757118516e-11 0)
(0.0214878892701 6.39257873395e-12 0)
(0.0214878892726 2.40539524597e-12 0)
(0.0214878892734 7.65707985099e-13 0)
(0.0214878892736 1.59018132878e-13 0)
(0.0214878892735 -2.72509833366e-14 0)
(0.0214878892735 -6.0527013118e-14 0)
(0.0214878892734 -4.83792524831e-14 0)
(0.0214878892734 -2.92984599305e-14 0)
(0.0214878892734 -1.42630508621e-14 0)
(0.0214878892734 -4.62416892055e-15 0)
(0.0214878892734 9.27985580416e-16 0)
(0.0214878892734 3.8967044931e-15 0)
(0.0214878892734 5.40936281604e-15 0)
(0.0214878892734 6.14227578171e-15 0)
(0.0214878892734 6.48263807064e-15 0)
(0.0214878892734 6.62979599451e-15 0)
(0.0214878892734 6.6948250083e-15 0)
(0.0214878892734 6.71996097073e-15 0)
(0.0214878892734 6.70662695426e-15 0)
(0.0214878892734 6.67305753532e-15 0)
(0.0214878892734 6.63220383173e-15 0)
(0.0214878892734 6.57680907211e-15 0)
(0.0214878892734 6.50424582089e-15 0)
(0.0214878892734 6.41874576726e-15 0)
(0.0214878892734 6.31552960815e-15 0)
(0.0214878892734 6.2039452205e-15 0)
(0.0214878892734 6.07796380584e-15 0)
(0.0214878892734 5.93783091755e-15 0)
(0.0214878892734 5.78624084485e-15 0)
(0.0214878892734 5.63568960899e-15 0)
(0.0214878892734 5.46630479495e-15 0)
(0.0214878892734 5.29400654119e-15 0)
(0.0214878892734 5.10731349759e-15 0)
(0.0214878892734 4.91024132696e-15 0)
(0.0214878892734 4.70196867864e-15 0)
(0.0214878892734 4.50339879102e-15 0)
(0.0214878892734 4.2927649225e-15 0)
(0.0214878892734 4.08342696949e-15 0)
(0.0214878892734 3.86500565962e-15 0)
(0.0214878892734 3.64183174674e-15 0)
(0.0214878892734 3.39913639913e-15 0)
(0.0214878892734 3.1731712978e-15 0)
(0.0214878892734 2.92666999765e-15 0)
(0.0214878892734 2.67646683374e-15 0)
(0.0214878892734 2.40753771413e-15 0)
(0.0214878892734 2.12985901968e-15 0)
(0.0214878892734 1.82731850527e-15 0)
(0.0214878892734 1.50879086934e-15 0)
(0.0214878892734 1.13395888798e-15 0)
(0.0214878892734 6.63481820126e-16 0)
(0.0214878892734 9.70022697254e-17 0)
(0.0219898952124 -2.46323059246e-06 0)
(0.0221728823732 -2.63158843735e-06 0)
(0.0221024420892 -2.60996837902e-06 0)
(0.0221201508709 -1.70479166403e-06 0)
(0.0221113024088 -1.06216307663e-06 0)
(0.0221123152833 -5.65208491149e-07 0)
(0.0221110302567 -2.88145916558e-07 0)
(0.0221109737663 -1.33079437081e-07 0)
(0.0221107797542 -5.8063841551e-08 0)
(0.0221107528541 -2.2765954197e-08 0)
(0.0221107278792 -7.86230879665e-09 0)
(0.0221107251785 -2.00121596062e-09 0)
(0.0221107238808 -5.45047279721e-11 0)
(0.0221107247561 4.18772969124e-10 0)
(0.0221107254096 4.02406497381e-10 0)
(0.0221107259649 2.79095327925e-10 0)
(0.0221107262847 1.67119506426e-10 0)
(0.0221107264695 9.1361991066e-11 0)
(0.0221107265631 4.65349704838e-11 0)
(0.0221107266092 2.22690268321e-11 0)
(0.02211072663 1.00006828965e-11 0)
(0.0221107266389 4.17451465567e-12 0)
(0.0221107266424 1.57854110406e-12 0)
(0.0221107266435 5.0566260452e-13 0)
(0.0221107266438 1.05660386812e-13 0)
(0.0221107266438 -1.91035835653e-14 0)
(0.0221107266438 -4.29125203078e-14 0)
(0.0221107266437 -3.6239355318e-14 0)
(0.0221107266437 -2.45168178365e-14 0)
(0.0221107266436 -1.51327796863e-14 0)
(0.0221107266436 -9.09993118224e-15 0)
(0.0221107266436 -5.65203825408e-15 0)
(0.0221107266436 -3.84095738254e-15 0)
(0.0221107266436 -2.95403864704e-15 0)
(0.0221107266436 -2.55630350881e-15 0)
(0.0221107266436 -2.40133034642e-15 0)
(0.0221107266436 -2.35587788524e-15 0)
(0.0221107266436 -2.35167724837e-15 0)
(0.0221107266436 -2.35762761068e-15 0)
(0.0221107266436 -2.37692731899e-15 0)
(0.0221107266436 -2.39303135392e-15 0)
(0.0221107266436 -2.40107489924e-15 0)
(0.0221107266436 -2.40154190334e-15 0)
(0.0221107266436 -2.39760417364e-15 0)
(0.0221107266436 -2.39067390204e-15 0)
(0.0221107266436 -2.38348134883e-15 0)
(0.0221107266436 -2.36517043966e-15 0)
(0.0221107266436 -2.34518965098e-15 0)
(0.0221107266436 -2.32232461221e-15 0)
(0.0221107266436 -2.29608305523e-15 0)
(0.0221107266436 -2.25391907898e-15 0)
(0.0221107266436 -2.21189586759e-15 0)
(0.0221107266436 -2.1604422486e-15 0)
(0.0221107266436 -2.11192427223e-15 0)
(0.0221107266436 -2.06150721858e-15 0)
(0.0221107266436 -2.0072173754e-15 0)
(0.0221107266436 -1.9284734729e-15 0)
(0.0221107266436 -1.8538263068e-15 0)
(0.0221107266436 -1.76657149545e-15 0)
(0.0221107266436 -1.67140690955e-15 0)
(0.0221107266436 -1.57306441882e-15 0)
(0.0221107266436 -1.47202106697e-15 0)
(0.0221107266436 -1.35782785835e-15 0)
(0.0221107266436 -1.24056205227e-15 0)
(0.0221107266436 -1.112903732e-15 0)
(0.0221107266436 -9.91302719187e-16 0)
(0.0221107266436 -8.58276586078e-16 0)
(0.0221107266436 -7.2684880498e-16 0)
(0.0221107266436 -5.91640154501e-16 0)
(0.0221107266436 -4.81430414178e-16 0)
(0.0221107266436 -3.92814773777e-16 0)
(0.0221107266436 -3.33483398648e-16 0)
(0.0223022720951 -8.15539706851e-07 0)
(0.0224850932319 -8.9071061376e-07 0)
(0.0224144687119 -8.81391865938e-07 0)
(0.0224319720379 -5.81597427188e-07 0)
(0.0224229516001 -3.63205737691e-07 0)
(0.0224238570612 -1.9434154116e-07 0)
(0.0224225078056 -9.93011935435e-08 0)
(0.0224224189589 -4.60274017715e-08 0)
(0.0224222090992 -2.01293523082e-08 0)
(0.0224221753613 -7.92271003222e-09 0)
(0.0224221476088 -2.74963001752e-09 0)
(0.022422143956 -7.09542432867e-10 0)
(0.0224221424048 -2.76090363694e-11 0)
(0.0224221432699 1.40652276788e-10 0)
(0.0224221439717 1.37341565788e-10 0)
(0.022422144575 9.57780978909e-11 0)
(0.0224221449282 5.75274481364e-11 0)
(0.0224221451332 3.15153520436e-11 0)
(0.0224221452379 1.6078607218e-11 0)
(0.0224221452896 7.70424272189e-12 0)
(0.0224221453131 3.46261442532e-12 0)
(0.0224221453233 1.44463105567e-12 0)
(0.0224221453272 5.43614918074e-13 0)
(0.0224221453286 1.70189391349e-13 0)
(0.022422145329 3.02892980692e-14 0)
(0.022422145329 -1.38285784144e-14 0)
(0.0224221453289 -2.26846270774e-14 0)
(0.0224221453288 -2.078960053e-14 0)
(0.0224221453288 -1.70399046664e-14 0)
(0.0224221453288 -1.40408174304e-14 0)
(0.0224221453287 -1.21504212809e-14 0)
(0.0224221453287 -1.11365467936e-14 0)
(0.0224221453287 -1.06682319661e-14 0)
(0.0224221453287 -1.0495265322e-14 0)
(0.0224221453287 -1.04721941898e-14 0)
(0.0224221453287 -1.05095566915e-14 0)
(0.0224221453287 -1.05730671828e-14 0)
(0.0224221453287 -1.06268155945e-14 0)
(0.0224221453287 -1.06654863567e-14 0)
(0.0224221453287 -1.06910713441e-14 0)
(0.0224221453287 -1.06931314992e-14 0)
(0.0224221453287 -1.06644446874e-14 0)
(0.0224221453287 -1.06099903618e-14 0)
(0.0224221453287 -1.05347465632e-14 0)
(0.0224221453287 -1.04391445143e-14 0)
(0.0224221453287 -1.03303360522e-14 0)
(0.0224221453287 -1.01948882322e-14 0)
(0.0224221453287 -1.00390985514e-14 0)
(0.0224221453287 -9.8673552638e-15 0)
(0.0224221453287 -9.67396458373e-15 0)
(0.0224221453287 -9.45336459167e-15 0)
(0.0224221453287 -9.21771088676e-15 0)
(0.0224221453287 -8.96159609276e-15 0)
(0.0224221453287 -8.69828574547e-15 0)
(0.0224221453287 -8.41654848059e-15 0)
(0.0224221453287 -8.12101281658e-15 0)
(0.0224221453287 -7.7888644469e-15 0)
(0.0224221453287 -7.45211283541e-15 0)
(0.0224221453287 -7.0956828828e-15 0)
(0.0224221453287 -6.71725902665e-15 0)
(0.0224221453287 -6.32390243087e-15 0)
(0.0224221453287 -5.91589212771e-15 0)
(0.0224221453287 -5.48803305504e-15 0)
(0.0224221453287 -5.03984167223e-15 0)
(0.0224221453287 -4.56929496198e-15 0)
(0.0224221453287 -4.09235007826e-15 0)
(0.0224221453287 -3.58779571007e-15 0)
(0.0224221453287 -3.06707191472e-15 0)
(0.0224221453287 -2.51556018568e-15 0)
(0.0224221453287 -1.9643462682e-15 0)
(0.0224221453287 -1.36480486522e-15 0)
(0.0224221453287 -7.27399382051e-16 0)
(0.0223022720951 8.15539706044e-07 0)
(0.0224850932319 8.90710612061e-07 0)
(0.0224144687119 8.81391863411e-07 0)
(0.0224319720379 5.81597423958e-07 0)
(0.0224229516001 3.63205733721e-07 0)
(0.0224238570612 1.94341536421e-07 0)
(0.0224225078056 9.9301187977e-08 0)
(0.0224224189589 4.60273953638e-08 0)
(0.0224222090992 2.0129344997e-08 0)
(0.0224221753613 7.92270182089e-09 0)
(0.0224221476088 2.74962088704e-09 0)
(0.022422143956 7.09532386792e-10 0)
(0.0224221424048 2.75980723676e-11 0)
(0.0224221432699 -1.40664154215e-10 0)
(0.0224221439717 -1.37354376296e-10 0)
(0.022422144575 -9.57918192586e-11 0)
(0.0224221449282 -5.75420970402e-11 0)
(0.0224221451332 -3.15309176801e-11 0)
(0.0224221452379 -1.6095095713e-11 0)
(0.0224221452896 -7.72162125947e-12 0)
(0.0224221453131 -3.48089428132e-12 0)
(0.0224221453233 -1.46375974629e-12 0)
(0.0224221453272 -5.63584659748e-13 0)
(0.0224221453286 -1.90978823506e-13 0)
(0.022422145329 -5.18781611617e-14 0)
(0.022422145329 -8.50657127774e-15 0)
(0.0224221453289 -3.77685799915e-16 0)
(0.0224221453288 -2.95087072609e-15 0)
(0.0224221453288 -7.33763006862e-15 0)
(0.0224221453288 -1.0924906979e-14 0)
(0.0224221453287 -1.33491760014e-14 0)
(0.0224221453287 -1.48506296393e-14 0)
(0.0224221453287 -1.57624341139e-14 0)
(0.0224221453287 -1.63078168781e-14 0)
(0.0224221453287 -1.66506745799e-14 0)
(0.0224221453287 -1.68818173204e-14 0)
(0.0224221453287 -1.70398934088e-14 0)
(0.0224221453287 -1.71428568203e-14 0)
(0.0224221453287 -1.7206213804e-14 0)
(0.0224221453287 -1.72323382638e-14 0)
(0.0224221453287 -1.72201318383e-14 0)
(0.0224221453287 -1.7159653324e-14 0)
(0.0224221453287 -1.70653182856e-14 0)
(0.0224221453287 -1.69336913878e-14 0)
(0.0224221453287 -1.67646284588e-14 0)
(0.0224221453287 -1.65715778319e-14 0)
(0.0224221453287 -1.63378561755e-14 0)
(0.0224221453287 -1.60745309793e-14 0)
(0.0224221453287 -1.57803044803e-14 0)
(0.0224221453287 -1.54521090168e-14 0)
(0.0224221453287 -1.50900305839e-14 0)
(0.0224221453287 -1.47027139237e-14 0)
(0.0224221453287 -1.42826277876e-14 0)
(0.0224221453287 -1.38466796927e-14 0)
(0.0224221453287 -1.33804918275e-14 0)
(0.0224221453287 -1.28850389587e-14 0)
(0.0224221453287 -1.23627832693e-14 0)
(0.0224221453287 -1.18194521365e-14 0)
(0.0224221453287 -1.12492675815e-14 0)
(0.0224221453287 -1.06540500665e-14 0)
(0.0224221453287 -1.0030609745e-14 0)
(0.0224221453287 -9.38789176744e-15 0)
(0.0224221453287 -8.70621449047e-15 0)
(0.0224221453287 -8.00394795931e-15 0)
(0.0224221453287 -7.26778948059e-15 0)
(0.0224221453287 -6.51609527211e-15 0)
(0.0224221453287 -5.72377234188e-15 0)
(0.0224221453287 -4.89760480174e-15 0)
(0.0224221453287 -4.02477150734e-15 0)
(0.0224221453287 -3.12411280256e-15 0)
(0.0224221453287 -2.1290170869e-15 0)
(0.0224221453287 -1.0339707829e-15 0)
(0.0219898952124 2.46323059175e-06 0)
(0.0221728823732 2.63158843588e-06 0)
(0.0221024420892 2.60996837684e-06 0)
(0.0221201508709 1.70479166127e-06 0)
(0.0221113024088 1.06216307324e-06 0)
(0.0221123152833 5.6520848712e-07 0)
(0.0221110302567 2.88145911833e-07 0)
(0.0221109737663 1.33079431639e-07 0)
(0.0221107797542 5.80638353441e-08 0)
(0.0221107528541 2.2765947228e-08 0)
(0.0221107278792 7.86230104477e-09 0)
(0.0221107251785 2.00120743452e-09 0)
(0.0221107238808 5.44954186278e-11 0)
(0.0221107247561 -4.18783050001e-10 0)
(0.0221107254096 -4.0241736679e-10 0)
(0.0221107259649 -2.79106968006e-10 0)
(0.0221107262847 -1.67131933016e-10 0)
(0.0221107264695 -9.13751901494e-11 0)
(0.0221107265631 -4.65489482356e-11 0)
(0.0221107266092 -2.22837613635e-11 0)
(0.02211072663 -1.00161761432e-11 0)
(0.0221107266389 -4.19072638349e-12 0)
(0.0221107266424 -1.59546888321e-12 0)
(0.0221107266435 -5.23290534684e-13 0)
(0.0221107266438 -1.23966014774e-13 0)
(0.0221107266438 1.67667625101e-16 0)
(0.0221107266438 2.33627925156e-14 0)
(0.0221107266437 1.61148812423e-14 0)
(0.0221107266437 3.84987540473e-15 0)
(0.0221107266436 -6.02718212826e-15 0)
(0.0221107266436 -1.25192372719e-14 0)
(0.0221107266436 -1.63743206297e-14 0)
(0.0221107266436 -1.85577854545e-14 0)
(0.0221107266436 -1.97562031059e-14 0)
(0.0221107266436 -2.04242621679e-14 0)
(0.0221107266436 -2.08125754212e-14 0)
(0.0221107266436 -2.10440875767e-14 0)
(0.0221107266436 -2.11806636984e-14 0)
(0.0221107266436 -2.12614243328e-14 0)
(0.0221107266436 -2.12852784185e-14 0)
(0.0221107266436 -2.12580596276e-14 0)
(0.0221107266436 -2.11767474956e-14 0)
(0.0221107266436 -2.10486578266e-14 0)
(0.0221107266436 -2.08795327603e-14 0)
(0.0221107266436 -2.06648646123e-14 0)
(0.0221107266436 -2.04122263805e-14 0)
(0.0221107266436 -2.01192265441e-14 0)
(0.0221107266436 -1.97861564385e-14 0)
(0.0221107266436 -1.94060814332e-14 0)
(0.0221107266436 -1.89935706479e-14 0)
(0.0221107266436 -1.85410651244e-14 0)
(0.0221107266436 -1.80538547319e-14 0)
(0.0221107266436 -1.75336107592e-14 0)
(0.0221107266436 -1.69877472466e-14 0)
(0.0221107266436 -1.64038765907e-14 0)
(0.0221107266436 -1.5793375696e-14 0)
(0.0221107266436 -1.51466249707e-14 0)
(0.0221107266436 -1.44763832131e-14 0)
(0.0221107266436 -1.37759093163e-14 0)
(0.0221107266436 -1.30423201225e-14 0)
(0.0221107266436 -1.22818737205e-14 0)
(0.0221107266436 -1.14926214452e-14 0)
(0.0221107266436 -1.06640501326e-14 0)
(0.0221107266436 -9.80711103564e-15 0)
(0.0221107266436 -8.91306244096e-15 0)
(0.0221107266436 -7.99129222037e-15 0)
(0.0221107266436 -7.02149616849e-15 0)
(0.0221107266436 -6.01114125417e-15 0)
(0.0221107266436 -4.94275458482e-15 0)
(0.0221107266436 -3.83117622189e-15 0)
(0.0221107266436 -2.58568649932e-15 0)
(0.0221107266436 -1.20749835567e-15 0)
(0.0213651403923 4.16091265805e-06 0)
(0.0215484681611 4.24644930231e-06 0)
(0.0214784207516 4.23490609067e-06 0)
(0.0214965338337 2.70849185003e-06 0)
(0.0214880256566 1.68012749564e-06 0)
(0.0214892447232 8.83976829424e-07 0)
(0.021488082609 4.48677201647e-07 0)
(0.0214880870659 2.0570141557e-07 0)
(0.0214879227726 8.93330072381e-08 0)
(0.0214879085457 3.47514325132e-08 0)
(0.0214878886805 1.18808747986e-08 0)
(0.0214878876993 2.93680802956e-09 0)
(0.021487886843 5.40173056866e-12 0)
(0.0214878877199 -6.85088857826e-10 0)
(0.0214878882751 -6.38603426648e-10 0)
(0.0214878887371 -4.38199073922e-10 0)
(0.0214878889929 -2.60785191333e-10 0)
(0.0214878891394 -1.41958262847e-10 0)
(0.0214878892122 -7.20495579538e-11 0)
(0.0214878892477 -3.43682694263e-11 0)
(0.0214878892634 -1.53858785586e-11 0)
(0.0214878892701 -6.40321989414e-12 0)
(0.0214878892726 -2.41651204944e-12 0)
(0.0214878892734 -7.77276737172e-13 0)
(0.0214878892736 -1.7103337621e-13 0)
(0.0214878892735 1.48272068849e-14 0)
(0.0214878892735 4.7705382224e-14 0)
(0.0214878892734 3.51816343464e-14 0)
(0.0214878892734 1.57470455999e-14 0)
(0.0214878892734 3.86604957299e-16 0)
(0.0214878892734 -9.55252821462e-15 0)
(0.0214878892734 -1.53660453034e-14 0)
(0.0214878892734 -1.85734420846e-14 0)
(0.0214878892734 -2.02866674997e-14 0)
(0.0214878892734 -2.11954724147e-14 0)
(0.0214878892734 -2.16879888416e-14 0)
(0.0214878892734 -2.19628389802e-14 0)
(0.0214878892734 -2.21165928231e-14 0)
(0.0214878892734 -2.2195302546e-14 0)
(0.0214878892734 -2.22142471206e-14 0)
(0.0214878892734 -2.21765162478e-14 0)
(0.0214878892734 -2.20846295012e-14 0)
(0.0214878892734 -2.19409883244e-14 0)
(0.0214878892734 -2.17600972417e-14 0)
(0.0214878892734 -2.15268822765e-14 0)
(0.0214878892734 -2.12546913265e-14 0)
(0.0214878892734 -2.09392308293e-14 0)
(0.0214878892734 -2.05803003593e-14 0)
(0.0214878892734 -2.01749504182e-14 0)
(0.0214878892734 -1.9736698025e-14 0)
(0.0214878892734 -1.92584183916e-14 0)
(0.0214878892734 -1.87385009638e-14 0)
(0.0214878892734 -1.81973298541e-14 0)
(0.0214878892734 -1.7619974191e-14 0)
(0.0214878892734 -1.70045433389e-14 0)
(0.0214878892734 -1.63671988909e-14 0)
(0.0214878892734 -1.56906292741e-14 0)
(0.0214878892734 -1.49927707663e-14 0)
(0.0214878892734 -1.42636298993e-14 0)
(0.0214878892734 -1.35006316436e-14 0)
(0.0214878892734 -1.27133424436e-14 0)
(0.0214878892734 -1.18939858193e-14 0)
(0.0214878892734 -1.10388984466e-14 0)
(0.0214878892734 -1.01561484684e-14 0)
(0.0214878892734 -9.23560657336e-15 0)
(0.0214878892734 -8.2780370978e-15 0)
(0.0214878892734 -7.27583195573e-15 0)
(0.0214878892734 -6.22744220074e-15 0)
(0.0214878892734 -5.12475830846e-15 0)
(0.0214878892734 -3.96224039992e-15 0)
(0.0214878892734 -2.65344735765e-15 0)
(0.0214878892734 -1.20311773186e-15 0)
(0.0204280116526 5.94200063343e-06 0)
(0.0206118671787 5.63667195811e-06 0)
(0.020542472385 5.68390043473e-06 0)
(0.0205611723077 3.5150941184e-06 0)
(0.0205531643061 2.16783528671e-06 0)
(0.0205546706154 1.12045273211e-06 0)
(0.0205536791136 5.65187427115e-07 0)
(0.0205537657998 2.56160527597e-07 0)
(0.0205536413318 1.10486709641e-07 0)
(0.0205536437295 4.24510484495e-08 0)
(0.0205536304796 1.42846643432e-08 0)
(0.0205536316479 3.36127816841e-09 0)
(0.0205536313037 -1.42614996466e-10 0)
(0.0205536321422 -9.25103004753e-10 0)
(0.0205536325475 -8.26991943616e-10 0)
(0.0205536328767 -5.5877456266e-10 0)
(0.0205536330436 -3.29537829013e-10 0)
(0.0205536331379 -1.7822721847e-10 0)
(0.0205536331825 -8.99572511204e-11 0)
(0.0205536332038 -4.26824438708e-11 0)
(0.0205536332128 -1.89950634463e-11 0)
(0.0205536332165 -7.84552164042e-12 0)
(0.0205536332178 -2.92590937605e-12 0)
(0.0205536332182 -9.18149492583e-13 0)
(0.0205536332182 -1.84019136159e-13 0)
(0.0205536332181 3.58299627197e-14 0)
(0.0205536332181 7.08223122913e-14 0)
(0.020553633218 5.24063874614e-14 0)
(0.020553633218 2.69976448675e-14 0)
(0.020553633218 7.44302223006e-15 0)
(0.020553633218 -5.02521473005e-15 0)
(0.020553633218 -1.22149772398e-14 0)
(0.020553633218 -1.6105792429e-14 0)
(0.020553633218 -1.81359560612e-14 0)
(0.020553633218 -1.91771798019e-14 0)
(0.020553633218 -1.971189524e-14 0)
(0.020553633218 -1.99936148392e-14 0)
(0.020553633218 -2.01409392119e-14 0)
(0.020553633218 -2.02122427866e-14 0)
(0.020553633218 -2.02205738559e-14 0)
(0.020553633218 -2.01723812628e-14 0)
(0.020553633218 -2.0078242049e-14 0)
(0.020553633218 -1.99455575707e-14 0)
(0.020553633218 -1.97698627698e-14 0)
(0.020553633218 -1.95474653575e-14 0)
(0.020553633218 -1.92904550781e-14 0)
(0.020553633218 -1.89888251673e-14 0)
(0.020553633218 -1.86501677552e-14 0)
(0.020553633218 -1.8276910728e-14 0)
(0.020553633218 -1.78689604618e-14 0)
(0.020553633218 -1.74233836755e-14 0)
(0.020553633218 -1.69459876564e-14 0)
(0.020553633218 -1.64457360959e-14 0)
(0.020553633218 -1.59120296531e-14 0)
(0.020553633218 -1.53466457585e-14 0)
(0.020553633218 -1.47586513735e-14 0)
(0.020553633218 -1.41472624779e-14 0)
(0.020553633218 -1.35130068504e-14 0)
(0.020553633218 -1.28501633423e-14 0)
(0.020553633218 -1.2161801348e-14 0)
(0.020553633218 -1.14529323986e-14 0)
(0.020553633218 -1.0713951109e-14 0)
(0.020553633218 -9.94082772759e-15 0)
(0.020553633218 -9.14991009651e-15 0)
(0.020553633218 -8.32235348518e-15 0)
(0.020553633218 -7.45829402489e-15 0)
(0.020553633218 -6.56225001166e-15 0)
(0.020553633218 -5.61134156683e-15 0)
(0.020553633218 -4.6176245892e-15 0)
(0.020553633218 -3.5575420191e-15 0)
(0.020553633218 -2.36138232653e-15 0)
(0.020553633218 -1.038172128e-15 0)
(0.0191785355755 7.83750341492e-06 0)
(0.0193631079223 6.682083784e-06 0)
(0.0192947086492 6.88048928978e-06 0)
(0.0193141450776 4.05144868689e-06 0)
(0.0193067818598 2.48369326505e-06 0)
(0.0193086288211 1.25137243188e-06 0)
(0.0193078395093 6.26603472089e-07 0)
(0.0193080193277 2.79410993504e-07 0)
(0.0193079396199 1.19456726425e-07 0)
(0.0193079600595 4.50877677097e-08 0)
(0.0193079538496 1.48321082994e-08 0)
(0.0193079571676 3.22696434277e-09 0)
(0.0193079572637 -3.7783158584e-10 0)
(0.01930795799 -1.11710517502e-09 0)
(0.0193079581958 -9.50013160173e-10 0)
(0.0193079583621 -6.29494717103e-10 0)
(0.0193079584241 -3.66876463752e-10 0)
(0.0193079584579 -1.96732614618e-10 0)
(0.0193079584705 -9.85614699781e-11 0)
(0.0193079584758 -4.64292141359e-11 0)
(0.0193079584775 -2.04961077569e-11 0)
(0.0193079584779 -8.37791009041e-12 0)
(0.0193079584779 -3.07383667767e-12 0)
(0.0193079584778 -9.31829989453e-13 0)
(0.0193079584777 -1.61355942753e-13 0)
(0.0193079584776 6.13220032404e-14 0)
(0.0193079584776 9.05738015324e-14 0)
(0.0193079584775 6.61777197636e-14 0)
(0.0193079584775 3.65489750229e-14 0)
(0.0193079584775 1.44612946437e-14 0)
(0.0193079584775 6.34341924637e-16 0)
(0.0193079584775 -7.21186573916e-15 0)
(0.0193079584775 -1.13878137621e-14 0)
(0.0193079584775 -1.35101043612e-14 0)
(0.0193079584775 -1.45602274294e-14 0)
(0.0193079584775 -1.50741223256e-14 0)
(0.0193079584775 -1.53302412293e-14 0)
(0.0193079584775 -1.54455514856e-14 0)
(0.0193079584775 -1.54990197819e-14 0)
(0.0193079584775 -1.5496010009e-14 0)
(0.0193079584775 -1.54452943454e-14 0)
(0.0193079584775 -1.53573032979e-14 0)
(0.0193079584775 -1.52414442131e-14 0)
(0.0193079584775 -1.50984049271e-14 0)
(0.0193079584775 -1.49105795239e-14 0)
(0.0193079584775 -1.47020787544e-14 0)
(0.0193079584775 -1.44533810916e-14 0)
(0.0193079584775 -1.41842906045e-14 0)
(0.0193079584775 -1.38904521491e-14 0)
(0.0193079584775 -1.35596900493e-14 0)
(0.0193079584775 -1.32078985911e-14 0)
(0.0193079584775 -1.28323528529e-14 0)
(0.0193079584775 -1.24364296018e-14 0)
(0.0193079584775 -1.20233435552e-14 0)
(0.0193079584775 -1.15836781778e-14 0)
(0.0193079584775 -1.11277467428e-14 0)
(0.0193079584775 -1.06563454435e-14 0)
(0.0193079584775 -1.01685957208e-14 0)
(0.0193079584775 -9.66993998833e-15 0)
(0.0193079584775 -9.14559495774e-15 0)
(0.0193079584775 -8.61191138367e-15 0)
(0.0193079584775 -8.05378547839e-15 0)
(0.0193079584775 -7.47765994982e-15 0)
(0.0193079584775 -6.88463614952e-15 0)
(0.0193079584775 -6.25653884343e-15 0)
(0.0193079584775 -5.60909130125e-15 0)
(0.0193079584775 -4.93571750703e-15 0)
(0.0193079584775 -4.21391582576e-15 0)
(0.0193079584775 -3.45794350892e-15 0)
(0.0193079584775 -2.64116028655e-15 0)
(0.0193079584775 -1.71567389391e-15 0)
(0.0193079584775 -7.16458706964e-16 0)
(0.0176168052976 9.86650697891e-06 0)
(0.0178022339679 7.23367024049e-06 0)
(0.0177352987606 7.74387021143e-06 0)
(0.0177555595365 4.25363077926e-06 0)
(0.0177489606656 2.59794292134e-06 0)
(0.017751163168 1.26335229008e-06 0)
(0.017750587035 6.28065145988e-07 0)
(0.0177508582088 2.73870515145e-07 0)
(0.017750822193 1.15894150645e-07 0)
(0.0177508592444 4.26709945389e-08 0)
(0.0177508593369 1.36077273945e-08 0)
(0.0177508643634 2.60644989023e-09 0)
(0.0177508646955 -6.52792760769e-10 0)
(0.0177508652125 -1.23404069102e-09 0)
(0.0177508651789 -9.93474119528e-10 0)
(0.017750865167 -6.4341746945e-10 0)
(0.0177508651192 -3.69614217583e-10 0)
(0.0177508650914 -1.96111303123e-10 0)
(0.0177508650721 -9.73285568587e-11 0)
(0.017750865062 -4.54266898068e-11 0)
(0.0177508650565 -1.98430750454e-11 0)
(0.0177508650539 -7.99988119975e-12 0)
(0.0177508650527 -2.87069588847e-12 0)
(0.0177508650522 -8.28365692843e-13 0)
(0.017750865052 -1.10275088626e-13 0)
(0.0177508650519 8.66290010183e-14 0)
(0.0177508650519 1.04016553792e-13 0)
(0.0177508650519 7.45609729713e-14 0)
(0.0177508650519 4.30025277985e-14 0)
(0.0177508650519 2.03181382779e-14 0)
(0.0177508650519 6.41130082693e-15 0)
(0.0177508650519 -1.33466956521e-15 0)
(0.0177508650519 -5.38377091261e-15 0)
(0.0177508650519 -7.38146747046e-15 0)
(0.0177508650519 -8.33197989149e-15 0)
(0.0177508650519 -8.76923213279e-15 0)
(0.0177508650519 -8.9681786325e-15 0)
(0.0177508650519 -9.03895850861e-15 0)
(0.0177508650519 -9.06084258445e-15 0)
(0.0177508650519 -9.05080370358e-15 0)
(0.0177508650519 -9.00115913784e-15 0)
(0.0177508650519 -8.92545987914e-15 0)
(0.0177508650519 -8.83905495396e-15 0)
(0.0177508650519 -8.74030268474e-15 0)
(0.0177508650519 -8.61349905198e-15 0)
(0.0177508650519 -8.47128395343e-15 0)
(0.0177508650519 -8.30306805264e-15 0)
(0.0177508650519 -8.1266860786e-15 0)
(0.0177508650519 -7.93962513013e-15 0)
(0.0177508650519 -7.72466227765e-15 0)
(0.0177508650519 -7.50334858851e-15 0)
(0.0177508650519 -7.27041641681e-15 0)
(0.0177508650519 -7.02604800239e-15 0)
(0.0177508650519 -6.77324044641e-15 0)
(0.0177508650519 -6.51006797118e-15 0)
(0.0177508650519 -6.23750943902e-15 0)
(0.0177508650519 -5.95573966219e-15 0)
(0.0177508650519 -5.6719426185e-15 0)
(0.0177508650519 -5.38975302541e-15 0)
(0.0177508650519 -5.08988392742e-15 0)
(0.0177508650519 -4.78933755088e-15 0)
(0.0177508650519 -4.4741944472e-15 0)
(0.0177508650519 -4.155215758e-15 0)
(0.0177508650519 -3.82899626449e-15 0)
(0.0177508650519 -3.47572676333e-15 0)
(0.0177508650519 -3.11971335298e-15 0)
(0.0177508650519 -2.73961292458e-15 0)
(0.0177508650519 -2.33157139021e-15 0)
(0.0177508650519 -1.89354495781e-15 0)
(0.0177508650519 -1.42005107734e-15 0)
(0.0177508650519 -8.69540929363e-16 0)
(0.0177508650519 -2.96607112133e-16 0)
(0.0157430863146 1.20170948605e-05 0)
(0.0159293045368 7.10951975188e-06 0)
(0.0158644908685 8.19025418916e-06 0)
(0.0158855513664 4.07508435337e-06 0)
(0.0158797987139 2.49770594862e-06 0)
(0.0158823214492 1.15582051336e-06 0)
(0.0158819457777 5.72124737754e-07 0)
(0.0158822926647 2.41872392442e-07 0)
(0.015882293212 1.01294192528e-07 0)
(0.0158823426961 3.60164107542e-08 0)
(0.0158823473171 1.10121477726e-08 0)
(0.0158823532501 1.68005709387e-09 0)
(0.0158823535283 -8.93481077126e-10 0)
(0.0158823537393 -1.24901649906e-09 0)
(0.0158823534481 -9.49542501233e-10 0)
(0.0158823532619 -5.99492716837e-10 0)
(0.0158823531127 -3.3859336111e-10 0)
(0.0158823530303 -1.77394311997e-10 0)
(0.0158823529835 -8.70261190561e-11 0)
(0.0158823529604 -4.01526250673e-11 0)
(0.0158823529492 -1.73042119441e-11 0)
(0.0158823529443 -6.85131198755e-12 0)
(0.0158823529422 -2.38509187849e-12 0)
(0.0158823529414 -6.39618750468e-13 0)
(0.0158823529412 -4.48485729494e-14 0)
(0.0158823529411 1.05765040161e-13 0)
(0.0158823529411 1.08568601941e-13 0)
(0.0158823529411 7.62780434031e-14 0)
(0.0158823529412 4.549182373e-14 0)
(0.0158823529412 2.42313612778e-14 0)
(0.0158823529412 1.15017681799e-14 0)
(0.0158823529412 4.55961392248e-15 0)
(0.0158823529412 1.01985930247e-15 0)
(0.0158823529412 -6.7285881686e-16 0)
(0.0158823529412 -1.43059707498e-15 0)
(0.0158823529412 -1.74593782897e-15 0)
(0.0158823529412 -1.86380446579e-15 0)
(0.0158823529412 -1.88838167253e-15 0)
(0.0158823529412 -1.87972828946e-15 0)
(0.0158823529412 -1.85299496258e-15 0)
(0.0158823529412 -1.81208223037e-15 0)
(0.0158823529412 -1.75518788393e-15 0)
(0.0158823529412 -1.70265842735e-15 0)
(0.0158823529412 -1.65362731651e-15 0)
(0.0158823529412 -1.59496444576e-15 0)
(0.0158823529412 -1.52989018645e-15 0)
(0.0158823529412 -1.45730177028e-15 0)
(0.0158823529412 -1.39051961238e-15 0)
(0.0158823529412 -1.3216761508e-15 0)
(0.0158823529412 -1.24062432267e-15 0)
(0.0158823529412 -1.16258628515e-15 0)
(0.0158823529412 -1.09031537586e-15 0)
(0.0158823529412 -1.0234041029e-15 0)
(0.0158823529412 -9.46232655116e-16 0)
(0.0158823529412 -8.74597699356e-16 0)
(0.0158823529412 -8.11952099743e-16 0)
(0.0158823529412 -7.44078771034e-16 0)
(0.0158823529412 -6.90381148577e-16 0)
(0.0158823529412 -6.44083954854e-16 0)
(0.0158823529412 -5.89444418783e-16 0)
(0.0158823529412 -5.54497031978e-16 0)
(0.0158823529412 -5.05632582267e-16 0)
(0.0158823529412 -4.71287464748e-16 0)
(0.0158823529412 -4.392639252e-16 0)
(0.0158823529412 -3.91933683716e-16 0)
(0.0158823529412 -3.52852324647e-16 0)
(0.0158823529412 -3.10060114487e-16 0)
(0.0158823529412 -2.42143454558e-16 0)
(0.0158823529412 -1.64625779335e-16 0)
(0.0158823529412 -7.06846096995e-17 0)
(0.0158823529412 6.12100352379e-17 0)
(0.0158823529412 1.71344076947e-16 0)
(0.0135580551698 1.42383295568e-05 0)
(0.0137443804798 6.1118464011e-06 0)
(0.0136826462889 8.13404656112e-06 0)
(0.0137042798064 3.49968374658e-06 0)
(0.0136994042814 2.19253795453e-06 0)
(0.0137021497016 9.43638827745e-07 0)
(0.0137019374536 4.6929105146e-07 0)
(0.01370233082 1.89673192228e-07 0)
(0.0137023556424 7.88534841097e-08 0)
(0.0137024111819 2.66326093445e-08 0)
(0.0137024178645 7.68992350687e-09 0)
(0.0137024237089 6.97513266089e-10 0)
(0.0137024236387 -1.01821372241e-09 0)
(0.0137024234818 -1.14377357214e-09 0)
(0.0137024229496 -8.20265231368e-10 0)
(0.0137024226172 -5.03858175466e-10 0)
(0.0137024223895 -2.79079927702e-10 0)
(0.013702422267 -1.44072896291e-10 0)
(0.0137024222014 -6.96935393365e-11 0)
(0.0137024221697 -3.17014896512e-11 0)
(0.013702422155 -1.34288244051e-11 0)
(0.0137024221488 -5.19153855874e-12 0)
(0.0137024221463 -1.73211177313e-12 0)
(0.0137024221454 -4.13203213956e-13 0)
(0.0137024221452 1.68428163408e-14 0)
(0.0137024221452 1.12557991939e-13 0)
(0.0137024221452 1.0233819379e-13 0)
(0.0137024221453 7.06545192863e-14 0)
(0.0137024221453 4.34945426173e-14 0)
(0.0137024221453 2.55088377381e-14 0)
(0.0137024221453 1.5037004785e-14 0)
(0.0137024221453 9.46497719789e-15 0)
(0.0137024221453 6.70930388898e-15 0)
(0.0137024221453 5.45001345582e-15 0)
(0.0137024221453 4.93767579153e-15 0)
(0.0137024221453 4.75995204524e-15 0)
(0.0137024221453 4.7298255825e-15 0)
(0.0137024221453 4.75063318066e-15 0)
(0.0137024221453 4.78837553989e-15 0)
(0.0137024221453 4.82819297017e-15 0)
(0.0137024221453 4.85912382318e-15 0)
(0.0137024221453 4.89592594867e-15 0)
(0.0137024221453 4.91819679702e-15 0)
(0.0137024221453 4.91905810228e-15 0)
(0.0137024221453 4.91244853405e-15 0)
(0.0137024221453 4.90346462388e-15 0)
(0.0137024221453 4.88825462982e-15 0)
(0.0137024221453 4.85443194714e-15 0)
(0.0137024221453 4.80995995616e-15 0)
(0.0137024221453 4.76397451329e-15 0)
(0.0137024221453 4.7005372914e-15 0)
(0.0137024221453 4.62932499846e-15 0)
(0.0137024221453 4.53636150988e-15 0)
(0.0137024221453 4.44007949746e-15 0)
(0.0137024221453 4.33500467302e-15 0)
(0.0137024221453 4.20337081662e-15 0)
(0.0137024221453 4.07150917651e-15 0)
(0.0137024221453 3.91945573546e-15 0)
(0.0137024221453 3.74275607669e-15 0)
(0.0137024221453 3.56578263393e-15 0)
(0.0137024221453 3.36113566441e-15 0)
(0.0137024221453 3.15784415918e-15 0)
(0.0137024221453 2.93046591361e-15 0)
(0.0137024221453 2.69178717032e-15 0)
(0.0137024221453 2.45629711556e-15 0)
(0.0137024221453 2.2031247876e-15 0)
(0.0137024221453 1.9350007991e-15 0)
(0.0137024221453 1.6884351341e-15 0)
(0.0137024221453 1.42938388012e-15 0)
(0.0137024221453 1.17891313012e-15 0)
(0.0137024221453 9.1417440997e-16 0)
(0.0137024221453 5.92013571182e-16 0)
(0.0110633253187 1.64246932228e-05 0)
(0.0112474552695 4.14946653236e-06 0)
(0.0111902930794 7.47954732921e-06 0)
(0.0112119130549 2.56622501784e-06 0)
(0.0112078880806 1.71928727899e-06 0)
(0.011210684315 6.5946553465e-07 0)
(0.0112105778852 3.37546672321e-07 0)
(0.0112109768631 1.26959961272e-07 0)
(0.0112110105396 5.30190653593e-08 0)
(0.011211064536 1.64754460984e-08 0)
(0.0112110706634 4.39651306321e-09 0)
(0.0112110754667 -8.29539398475e-11 0)
(0.0112110748532 -9.64533315698e-10 0)
(0.0112110743396 -9.1906927449e-10 0)
(0.0112110736307 -6.2113129352e-10 0)
(0.0112110732066 -3.70703679247e-10 0)
(0.0112110729375 -2.00757201229e-10 0)
(0.0112110727965 -1.01887173046e-10 0)
(0.0112110727235 -4.84475536769e-11 0)
(0.0112110726892 -2.16514643973e-11 0)
(0.0112110726738 -8.96829287122e-12 0)
(0.0112110726674 -3.35637689894e-12 0)
(0.011211072665 -1.05138900584e-12 0)
(0.0112110726643 -2.01926001309e-13 0)
(0.0112110726641 5.75533541693e-14 0)
(0.0112110726641 1.02835242845e-13 0)
(0.0112110726642 8.51105000014e-14 0)
(0.0112110726643 5.81337545887e-14 0)
(0.0112110726643 3.713255072e-14 0)
(0.0112110726643 2.38313465782e-14 0)
(0.0112110726643 1.63316852474e-14 0)
(0.0112110726643 1.24691569967e-14 0)
(0.0112110726643 1.06407439435e-14 0)
(0.0112110726643 9.86149974447e-15 0)
(0.0112110726643 9.59742480158e-15 0)
(0.0112110726643 9.55038386899e-15 0)
(0.0112110726643 9.59246699418e-15 0)
(0.0112110726643 9.64952999407e-15 0)
(0.0112110726643 9.71088811289e-15 0)
(0.0112110726643 9.75897904424e-15 0)
(0.0112110726643 9.78172206449e-15 0)
(0.0112110726643 9.80166129818e-15 0)
(0.0112110726643 9.79645885705e-15 0)
(0.0112110726643 9.76148859441e-15 0)
(0.0112110726643 9.70715922913e-15 0)
(0.0112110726643 9.6400090064e-15 0)
(0.0112110726643 9.55398118966e-15 0)
(0.0112110726643 9.44645044259e-15 0)
(0.0112110726643 9.31843545573e-15 0)
(0.0112110726643 9.17679266099e-15 0)
(0.0112110726643 9.00813402921e-15 0)
(0.0112110726643 8.82523532057e-15 0)
(0.0112110726643 8.61484134095e-15 0)
(0.0112110726643 8.39644423852e-15 0)
(0.0112110726643 8.15284805345e-15 0)
(0.0112110726643 7.88076061524e-15 0)
(0.0112110726643 7.59748805435e-15 0)
(0.0112110726643 7.29446131413e-15 0)
(0.0112110726643 6.9584839148e-15 0)
(0.0112110726643 6.60600426917e-15 0)
(0.0112110726643 6.22935264365e-15 0)
(0.0112110726643 5.83868659196e-15 0)
(0.0112110726643 5.42145251542e-15 0)
(0.0112110726643 4.98589062813e-15 0)
(0.0112110726643 4.54461927416e-15 0)
(0.0112110726643 4.07221436237e-15 0)
(0.0112110726643 3.58829313521e-15 0)
(0.0112110726643 3.10091738e-15 0)
(0.0112110726643 2.59868443973e-15 0)
(0.0112110726643 2.09256419419e-15 0)
(0.0112110726643 1.52734247643e-15 0)
(0.0112110726643 8.87355687832e-16 0)
(0.00826275608047 1.78722374219e-05 0)
(0.00843826133236 1.5925635493e-06 0)
(0.00838819798214 6.09792325529e-06 0)
(0.00840859388914 1.42308425145e-06 0)
(0.00840535245892 1.14520836066e-06 0)
(0.008407941346 3.56983112684e-07 0)
(0.00840787357347 2.00604170543e-07 0)
(0.00840822929536 6.59969440992e-08 0)
(0.0084082565555 2.8740381113e-08 0)
(0.00840830148199 7.60221558464e-09 0)
(0.00840830498886 1.81235332535e-09 0)
(0.00840830810508 -4.73090918666e-10 0)
(0.00840830696419 -7.23282710176e-10 0)
(0.00840830621198 -6.06868671401e-10 0)
(0.00840830544693 -3.84973586597e-10 0)
(0.00840830501176 -2.22950213781e-10 0)
(0.0084083047497 -1.17499512292e-10 0)
(0.00840830461652 -5.84441222686e-11 0)
(0.00840830454958 -2.71826908881e-11 0)
(0.00840830451902 -1.18720142643e-11 0)
(0.00840830450567 -4.76628278755e-12 0)
(0.0084083045004 -1.70002795848e-12 0)
(0.00840830449854 -4.78401126645e-13 0)
(0.00840830449804 -5.03886710325e-14 0)
(0.00840830449799 6.67756073267e-14 0)
(0.00840830449807 7.68802151871e-14 0)
(0.00840830449815 5.929933224e-14 0)
(0.00840830449821 4.06239047536e-14 0)
(0.00840830449825 2.73505446632e-14 0)
(0.00840830449827 1.93438511121e-14 0)
(0.00840830449828 1.5014549331e-14 0)
(0.00840830449828 1.28854566217e-14 0)
(0.00840830449828 1.1946345342e-14 0)
(0.00840830449828 1.16132801886e-14 0)
(0.00840830449828 1.15526177741e-14 0)
(0.00840830449828 1.16030502432e-14 0)
(0.00840830449828 1.16899767971e-14 0)
(0.00840830449828 1.1765967909e-14 0)
(0.00840830449828 1.18326978179e-14 0)
(0.00840830449828 1.18807058196e-14 0)
(0.00840830449828 1.18970795834e-14 0)
(0.00840830449828 1.19085555553e-14 0)
(0.00840830449828 1.18853606173e-14 0)
(0.00840830449828 1.18335027322e-14 0)
(0.00840830449828 1.17553266463e-14 0)
(0.00840830449828 1.1660534239e-14 0)
(0.00840830449828 1.15439364212e-14 0)
(0.00840830449828 1.13967414236e-14 0)
(0.00840830449828 1.12326602052e-14 0)
(0.00840830449828 1.10477865329e-14 0)
(0.00840830449828 1.08286639282e-14 0)
(0.00840830449828 1.05962987708e-14 0)
(0.00840830449828 1.03333787678e-14 0)
(0.00840830449828 1.00598048617e-14 0)
(0.00840830449828 9.75527626495e-15 0)
(0.00840830449828 9.42059609445e-15 0)
(0.00840830449828 9.07335051513e-15 0)
(0.00840830449828 8.70324773716e-15 0)
(0.00840830449828 8.29802612006e-15 0)
(0.00840830449828 7.87282940454e-15 0)
(0.00840830449828 7.42271350893e-15 0)
(0.00840830449828 6.95924589543e-15 0)
(0.00840830449828 6.45890471152e-15 0)
(0.00840830449828 5.9409621413e-15 0)
(0.00840830449828 5.41262466166e-15 0)
(0.00840830449828 4.85522818589e-15 0)
(0.00840830449828 4.27847250446e-15 0)
(0.00840830449828 3.68170626574e-15 0)
(0.00840830449828 3.0765492234e-15 0)
(0.00840830449828 2.45713957272e-15 0)
(0.00840830449828 1.76246728053e-15 0)
(0.00840830449828 9.88789608212e-16 0)
(0.00516607223765 1.51319910456e-05 0)
(0.00531597260741 -4.48060863783e-07 0)
(0.00527747800544 3.89394598391e-06 0)
(0.00529435835178 4.03113175318e-07 0)
(0.00529187731187 5.71780636689e-07 0)
(0.00529390127762 1.12018063286e-07 0)
(0.00529381895127 8.50436866981e-08 0)
(0.00529407931436 2.02307640137e-08 0)
(0.00529408979567 1.05224589418e-08 0)
(0.0052941195964 1.74941906256e-09 0)
(0.00529411977648 3.32518251682e-10 0)
(0.00529412110625 -4.40662369652e-10 0)
(0.00529411976402 -3.74123365845e-10 0)
(0.00529411901615 -2.82392176144e-10 0)
(0.00529411837203 -1.65401601147e-10 0)
(0.00529411802623 -9.25483971633e-11 0)
(0.00529411782669 -4.68984627704e-11 0)
(0.00529411772887 -2.26948120419e-11 0)
(0.00529411768116 -1.01975084544e-11 0)
(0.00529411766014 -4.29501311281e-12 0)
(0.0052941176513 -1.63224723356e-12 0)
(0.00529411764801 -5.30012951513e-13 0)
(0.00529411764696 -1.13085717326e-13 0)
(0.00529411764675 1.91776771163e-14 0)
(0.00529411764679 4.66222879663e-14 0)
(0.00529411764688 4.15205582211e-14 0)
(0.00529411764696 3.05107894664e-14 0)
(0.005294117647 2.14812885278e-14 0)
(0.00529411764703 1.56689034185e-14 0)
(0.00529411764705 1.23879398351e-14 0)
(0.00529411764705 1.07261223511e-14 0)
(0.00529411764706 9.9867358393e-15 0)
(0.00529411764706 9.71495871442e-15 0)
(0.00529411764706 9.67482543742e-15 0)
(0.00529411764706 9.73007242406e-15 0)
(0.00529411764706 9.81897651792e-15 0)
(0.00529411764706 9.89997048343e-15 0)
(0.00529411764706 9.97207543313e-15 0)
(0.00529411764706 1.00239808684e-14 0)
(0.00529411764706 1.0060077811e-14 0)
(0.00529411764706 1.00757784415e-14 0)
(0.00529411764706 1.00797444424e-14 0)
(0.00529411764706 1.00558613185e-14 0)
(0.00529411764706 1.00107650519e-14 0)
(0.00529411764706 9.94473166131e-15 0)
(0.00529411764706 9.85213864476e-15 0)
(0.00529411764706 9.75620775083e-15 0)
(0.00529411764706 9.63002119793e-15 0)
(0.00529411764706 9.48072258613e-15 0)
(0.00529411764706 9.32158208792e-15 0)
(0.00529411764706 9.13776516321e-15 0)
(0.00529411764706 8.93614923653e-15 0)
(0.00529411764706 8.71501328957e-15 0)
(0.00529411764706 8.47640351105e-15 0)
(0.00529411764706 8.2152149037e-15 0)
(0.00529411764706 7.93400851595e-15 0)
(0.00529411764706 7.63854538521e-15 0)
(0.00529411764706 7.32525255421e-15 0)
(0.00529411764706 6.98445732403e-15 0)
(0.00529411764706 6.62582550594e-15 0)
(0.00529411764706 6.24553342422e-15 0)
(0.00529411764706 5.8522284215e-15 0)
(0.00529411764706 5.43555535865e-15 0)
(0.00529411764706 4.99778632476e-15 0)
(0.00529411764706 4.55011381475e-15 0)
(0.00529411764706 4.08494600708e-15 0)
(0.00529411764706 3.59108859798e-15 0)
(0.00529411764706 3.08962889311e-15 0)
(0.00529411764706 2.58057801379e-15 0)
(0.00529411764706 2.0478005437e-15 0)
(0.00529411764706 1.46039504525e-15 0)
(0.00529411764706 8.03716829233e-16 0)
(0.00179707225202 2.54312629254e-06 0)
(0.00187879526064 -3.24982311532e-06 0)
(0.00186000339752 1.60359754365e-06 0)
(0.00186890329955 -2.964658678e-07 0)
(0.00186752223335 1.61121758605e-07 0)
(0.00186848330124 -2.55154704064e-08 0)
(0.0018683974159 1.6786898279e-08 0)
(0.00186850898323 -2.51152309784e-09 0)
(0.0018685043841 1.49518690116e-09 0)
(0.00186851537962 -4.43045992135e-10 0)
(0.00186851381434 1.45025953143e-11 0)
(0.0018685139283 -1.28196647398e-10 0)
(0.00186851309699 -4.50225792161e-11 0)
(0.00186851270983 -3.70510070621e-11 0)
(0.00186851240957 -1.62735909962e-11 0)
(0.00186851226094 -9.10935897136e-12 0)
(0.00186851217847 -3.93441560141e-12 0)
(0.00186851214017 -1.81486130507e-12 0)
(0.00186851212218 -7.00950112513e-13 0)
(0.0018685121147 -2.58727606067e-13 0)
(0.00186851211174 -7.01199385653e-14 0)
(0.00186851211076 -7.28798925419e-15 0)
(0.00186851211051 1.11343028185e-14 0)
(0.00186851211051 1.27045368413e-14 0)
(0.00186851211057 1.02832115585e-14 0)
(0.00186851211063 7.58197233605e-15 0)
(0.00186851211066 5.68089073833e-15 0)
(0.00186851211069 4.54812149807e-15 0)
(0.0018685121107 3.95785954729e-15 0)
(0.0018685121107 3.68900826853e-15 0)
(0.00186851211071 3.59623998608e-15 0)
(0.00186851211071 3.58840949808e-15 0)
(0.00186851211071 3.61851752305e-15 0)
(0.00186851211071 3.66377964867e-15 0)
(0.00186851211071 3.71126881374e-15 0)
(0.00186851211071 3.75465483193e-15 0)
(0.00186851211071 3.78751734223e-15 0)
(0.00186851211071 3.81472331581e-15 0)
(0.00186851211071 3.83384032584e-15 0)
(0.00186851211071 3.84873847696e-15 0)
(0.00186851211071 3.85483123871e-15 0)
(0.00186851211071 3.85586494011e-15 0)
(0.00186851211071 3.84737812352e-15 0)
(0.00186851211071 3.82871846663e-15 0)
(0.00186851211071 3.80495390937e-15 0)
(0.00186851211071 3.76660249949e-15 0)
(0.00186851211071 3.72996259672e-15 0)
(0.00186851211071 3.68119856748e-15 0)
(0.00186851211071 3.62244076319e-15 0)
(0.00186851211071 3.56271459246e-15 0)
(0.00186851211071 3.49245180214e-15 0)
(0.00186851211071 3.41316128202e-15 0)
(0.00186851211071 3.33095484044e-15 0)
(0.00186851211071 3.2384776867e-15 0)
(0.00186851211071 3.13735538419e-15 0)
(0.00186851211071 3.02927969194e-15 0)
(0.00186851211071 2.91720421192e-15 0)
(0.00186851211071 2.79878232389e-15 0)
(0.00186851211071 2.66920807003e-15 0)
(0.00186851211071 2.53135922573e-15 0)
(0.00186851211071 2.38483259093e-15 0)
(0.00186851211071 2.23461997387e-15 0)
(0.00186851211071 2.07560237969e-15 0)
(0.00186851211071 1.90720080219e-15 0)
(0.00186851211071 1.73844608406e-15 0)
(0.00186851211071 1.55902699464e-15 0)
(0.00186851211071 1.36961049619e-15 0)
(0.00186851211071 1.17958687723e-15 0)
(0.00186851211071 9.83939495471e-16 0)
(0.00186851211071 7.81571929265e-16 0)
(0.00186851211071 5.6056064695e-16 0)
(0.00186851211071 3.02442172379e-16 0)
)
;

boundaryField
{
    inlet
    {
        type            fixedValue;
        value           nonuniform List<vector> 
24
(
(0.00183434518647 0 0)
(0.00526886383348 0 0)
(0.00839115351258 0 0)
(0.0112012142238 0 0)
(0.013699045967 0 0)
(0.0158846487424 0 0)
(0.0177580225499 0 0)
(0.0193191673894 0 0)
(0.0205680832611 0 0)
(0.0215047701648 0 0)
(0.0221292281006 0 0)
(0.0224414570685 0 0)
(0.0224414570685 0 0)
(0.0221292281006 0 0)
(0.0215047701648 0 0)
(0.0205680832611 0 0)
(0.0193191673894 0 0)
(0.0177580225499 0 0)
(0.0158846487424 0 0)
(0.013699045967 0 0)
(0.0112012142238 0 0)
(0.00839115351258 0 0)
(0.00526886383348 0 0)
(0.00183434518647 0 0)
)
;
    }
    outlet
    {
        type            zeroGradient;
    }
    walls
    {
        type            noSlip;
    }
    frontAndBack
    {
        type            empty;
    }
}


// ************************************************************************* //
