/*--------------------------------*- C++ -*----------------------------------*\
| =========                 |                                                 |
| \\      /  F ield         | OpenFOAM: The Open Source CFD Toolbox           |
|  \\    /   O peration     | Version:                                        |
|   \\  /    A nd           | Website:  www.openfoam.com                      |
|    \\/     M anipulation  |                                                 |
\*---------------------------------------------------------------------------*/
FoamFile
{
    version     2.0;
    format      ascii;
    class       labelList;
    note        "nPoints:2482  nCells:1152  nFaces:4696  nInternalFaces:2216";
    location    "constant/polyMesh";
    object      neighbour;
}
// * * * * * * * * * * * * * * * * * * * * * * * * * * * * * * * * * * * * * //


2216
(
1
72
2
73
3
74
4
75
5
76
6
77
7
78
8
79
9
80
10
81
11
82
12
83
13
84
14
85
15
86
16
87
17
88
18
89
19
90
20
91
21
92
22
93
23
94
24
95
25
96
26
97
27
98
28
99
29
100
30
101
31
102
32
103
33
104
34
105
35
106
36
107
37
108
38
109
39
110
40
111
41
112
42
113
43
114
44
115
45
116
46
117
47
118
48
119
49
120
50
121
51
122
52
123
53
124
54
125
55
126
56
127
57
128
58
129
59
130
60
131
61
132
62
133
63
134
64
135
65
136
66
137
67
138
68
139
69
140
70
141
71
142
143
73
144
74
145
75
146
76
147
77
148
78
149
79
150
80
151
81
152
82
153
83
154
84
155
85
156
86
157
87
158
88
159
89
160
90
161
91
162
92
163
93
164
94
165
95
166
96
167
97
168
98
169
99
170
100
171
101
172
102
173
103
174
104
175
105
176
106
177
107
178
108
179
109
180
110
181
111
182
112
183
113
184
114
185
115
186
116
187
117
188
118
189
119
190
120
191
121
192
122
193
123
194
124
195
125
196
126
197
127
198
128
199
129
200
130
201
131
202
132
203
133
204
134
205
135
206
136
207
137
208
138
209
139
210
140
211
141
212
142
213
143
214
215
145
216
146
217
147
218
148
219
149
220
150
221
151
222
152
223
153
224
154
225
155
226
156
227
157
228
158
229
159
230
160
231
161
232
162
233
163
234
164
235
165
236
166
237
167
238
168
239
169
240
170
241
171
242
172
243
173
244
174
245
175
246
176
247
177
248
178
249
179
250
180
251
181
252
182
253
183
254
184
255
185
256
186
257
187
258
188
259
189
260
190
261
191
262
192
263
193
264
194
265
195
266
196
267
197
268
198
269
199
270
200
271
201
272
202
273
203
274
204
275
205
276
206
277
207
278
208
279
209
280
210
281
211
282
212
283
213
284
214
285
215
286
287
217
288
218
289
219
290
220
291
221
292
222
293
223
294
224
295
225
296
226
297
227
298
228
299
229
300
230
301
231
302
232
303
233
304
234
305
235
306
236
307
237
308
238
309
239
310
240
311
241
312
242
313
243
314
244
315
245
316
246
317
247
318
248
319
249
320
250
321
251
322
252
323
253
324
254
325
255
326
256
327
257
328
258
329
259
330
260
331
261
332
262
333
263
334
264
335
265
336
266
337
267
338
268
339
269
340
270
341
271
342
272
343
273
344
274
345
275
346
276
347
277
348
278
349
279
350
280
351
281
352
282
353
283
354
284
355
285
356
286
357
287
358
359
289
360
290
361
291
362
292
363
293
364
294
365
295
366
296
367
297
368
298
369
299
370
300
371
301
372
302
373
303
374
304
375
305
376
306
377
307
378
308
379
309
380
310
381
311
382
312
383
313
384
314
385
315
386
316
387
317
388
318
389
319
390
320
391
321
392
322
393
323
394
324
395
325
396
326
397
327
398
328
399
329
400
330
401
331
402
332
403
333
404
334
405
335
406
336
407
337
408
338
409
339
410
340
411
341
412
342
413
343
414
344
415
345
416
346
417
347
418
348
419
349
420
350
421
351
422
352
423
353
424
354
425
355
426
356
427
357
428
358
429
359
430
431
361
432
362
433
363
434
364
435
365
436
366
437
367
438
368
439
369
440
370
441
371
442
372
443
373
444
374
445
375
446
376
447
377
448
378
449
379
450
380
451
381
452
382
453
383
454
384
455
385
456
386
457
387
458
388
459
389
460
390
461
391
462
392
463
393
464
394
465
395
466
396
467
397
468
398
469
399
470
400
471
401
472
402
473
403
474
404
475
405
476
406
477
407
478
408
479
409
480
410
481
411
482
412
483
413
484
414
485
415
486
416
487
417
488
418
489
419
490
420
491
421
492
422
493
423
494
424
495
425
496
426
497
427
498
428
499
429
500
430
501
431
502
503
433
504
434
505
435
506
436
507
437
508
438
509
439
510
440
511
441
512
442
513
443
514
444
515
445
516
446
517
447
518
448
519
449
520
450
521
451
522
452
523
453
524
454
525
455
526
456
527
457
528
458
529
459
530
460
531
461
532
462
533
463
534
464
535
465
536
466
537
467
538
468
539
469
540
470
541
471
542
472
543
473
544
474
545
475
546
476
547
477
548
478
549
479
550
480
551
481
552
482
553
483
554
484
555
485
556
486
557
487
558
488
559
489
560
490
561
491
562
492
563
493
564
494
565
495
566
496
567
497
568
498
569
499
570
500
571
501
572
502
573
503
574
575
505
576
506
577
507
578
508
579
509
580
510
581
511
582
512
583
513
584
514
585
515
586
516
587
517
588
518
589
519
590
520
591
521
592
522
593
523
594
524
595
525
596
526
597
527
598
528
599
529
600
530
601
531
602
532
603
533
604
534
605
535
606
536
607
537
608
538
609
539
610
540
611
541
612
542
613
543
614
544
615
545
616
546
617
547
618
548
619
549
620
550
621
551
622
552
623
553
624
554
625
555
626
556
627
557
628
558
629
559
630
560
631
561
632
562
633
563
634
564
635
565
636
566
637
567
638
568
639
569
640
570
641
571
642
572
643
573
644
574
645
575
646
647
577
648
578
649
579
650
580
651
581
652
582
653
583
654
584
655
585
656
586
657
587
658
588
659
589
660
590
661
591
662
592
663
593
664
594
665
595
666
596
667
597
668
598
669
599
670
600
671
601
672
602
673
603
674
604
675
605
676
606
677
607
678
608
679
609
680
610
681
611
682
612
683
613
684
614
685
615
686
616
687
617
688
618
689
619
690
620
691
621
692
622
693
623
694
624
695
625
696
626
697
627
698
628
699
629
700
630
701
631
702
632
703
633
704
634
705
635
706
636
707
637
708
638
709
639
710
640
711
641
712
642
713
643
714
644
715
645
716
646
717
647
718
719
649
720
650
721
651
722
652
723
653
724
654
725
655
726
656
727
657
728
658
729
659
730
660
731
661
732
662
733
663
734
664
735
665
736
666
737
667
738
668
739
669
740
670
741
671
742
672
743
673
744
674
745
675
746
676
747
677
748
678
749
679
750
680
751
681
752
682
753
683
754
684
755
685
756
686
757
687
758
688
759
689
760
690
761
691
762
692
763
693
764
694
765
695
766
696
767
697
768
698
769
699
770
700
771
701
772
702
773
703
774
704
775
705
776
706
777
707
778
708
779
709
780
710
781
711
782
712
783
713
784
714
785
715
786
716
787
717
788
718
789
719
790
791
721
792
722
793
723
794
724
795
725
796
726
797
727
798
728
799
729
800
730
801
731
802
732
803
733
804
734
805
735
806
736
807
737
808
738
809
739
810
740
811
741
812
742
813
743
814
744
815
745
816
746
817
747
818
748
819
749
820
750
821
751
822
752
823
753
824
754
825
755
826
756
827
757
828
758
829
759
830
760
831
761
832
762
833
763
834
764
835
765
836
766
837
767
838
768
839
769
840
770
841
771
842
772
843
773
844
774
845
775
846
776
847
777
848
778
849
779
850
780
851
781
852
782
853
783
854
784
855
785
856
786
857
787
858
788
859
789
860
790
861
791
862
863
793
864
794
865
795
866
796
867
797
868
798
869
799
870
800
871
801
872
802
873
803
874
804
875
805
876
806
877
807
878
808
879
809
880
810
881
811
882
812
883
813
884
814
885
815
886
816
887
817
888
818
889
819
890
820
891
821
892
822
893
823
894
824
895
825
896
826
897
827
898
828
899
829
900
830
901
831
902
832
903
833
904
834
905
835
906
836
907
837
908
838
909
839
910
840
911
841
912
842
913
843
914
844
915
845
916
846
917
847
918
848
919
849
920
850
921
851
922
852
923
853
924
854
925
855
926
856
927
857
928
858
929
859
930
860
931
861
932
862
933
863
934
935
865
936
866
937
867
938
868
939
869
940
870
941
871
942
872
943
873
944
874
945
875
946
876
947
877
948
878
949
879
950
880
951
881
952
882
953
883
954
884
955
885
956
886
957
887
958
888
959
889
960
890
961
891
962
892
963
893
964
894
965
895
966
896
967
897
968
898
969
899
970
900
971
901
972
902
973
903
974
904
975
905
976
906
977
907
978
908
979
909
980
910
981
911
982
912
983
913
984
914
985
915
986
916
987
917
988
918
989
919
990
920
991
921
992
922
993
923
994
924
995
925
996
926
997
927
998
928
999
929
1000
930
1001
931
1002
932
1003
933
1004
934
1005
935
1006
1007
937
1008
938
1009
939
1010
940
1011
941
1012
942
1013
943
1014
944
1015
945
1016
946
1017
947
1018
948
1019
949
1020
950
1021
951
1022
952
1023
953
1024
954
1025
955
1026
956
1027
957
1028
958
1029
959
1030
960
1031
961
1032
962
1033
963
1034
964
1035
965
1036
966
1037
967
1038
968
1039
969
1040
970
1041
971
1042
972
1043
973
1044
974
1045
975
1046
976
1047
977
1048
978
1049
979
1050
980
1051
981
1052
982
1053
983
1054
984
1055
985
1056
986
1057
987
1058
988
1059
989
1060
990
1061
991
1062
992
1063
993
1064
994
1065
995
1066
996
1067
997
1068
998
1069
999
1070
1000
1071
1001
1072
1002
1073
1003
1074
1004
1075
1005
1076
1006
1077
1007
1078
1079
1009
1080
1010
1081
1011
1082
1012
1083
1013
1084
1014
1085
1015
1086
1016
1087
1017
1088
1018
1089
1019
1090
1020
1091
1021
1092
1022
1093
1023
1094
1024
1095
1025
1096
1026
1097
1027
1098
1028
1099
1029
1100
1030
1101
1031
1102
1032
1103
1033
1104
1034
1105
1035
1106
1036
1107
1037
1108
1038
1109
1039
1110
1040
1111
1041
1112
1042
1113
1043
1114
1044
1115
1045
1116
1046
1117
1047
1118
1048
1119
1049
1120
1050
1121
1051
1122
1052
1123
1053
1124
1054
1125
1055
1126
1056
1127
1057
1128
1058
1129
1059
1130
1060
1131
1061
1132
1062
1133
1063
1134
1064
1135
1065
1136
1066
1137
1067
1138
1068
1139
1069
1140
1070
1141
1071
1142
1072
1143
1073
1144
1074
1145
1075
1146
1076
1147
1077
1148
1078
1149
1079
1150
1151
1081
1082
1083
1084
1085
1086
1087
1088
1089
1090
1091
1092
1093
1094
1095
1096
1097
1098
1099
1100
1101
1102
1103
1104
1105
1106
1107
1108
1109
1110
1111
1112
1113
1114
1115
1116
1117
1118
1119
1120
1121
1122
1123
1124
1125
1126
1127
1128
1129
1130
1131
1132
1133
1134
1135
1136
1137
1138
1139
1140
1141
1142
1143
1144
1145
1146
1147
1148
1149
1150
1151
)


// ************************************************************************* //
