/*--------------------------------*- C++ -*----------------------------------*\
| =========                 |                                                 |
| \\      /  F ield         | OpenFOAM: The Open Source CFD Toolbox           |
|  \\    /   O peration     | Version:                                        |
|   \\  /    A nd           | Website:  www.openfoam.com                      |
|    \\/     M anipulation  |                                                 |
\*---------------------------------------------------------------------------*/
FoamFile
{
    version     2.0;
    format      ascii;
    class       vectorField;
    location    "constant/polyMesh";
    object      points;
}
// * * * * * * * * * * * * * * * * * * * * * * * * * * * * * * * * * * * * * //


2482
(
(0 0 0)
(0.0166666666667 0 0)
(0.0333333333333 0 0)
(0.05 0 0)
(0.0666666666667 0 0)
(0.0833333333333 0 0)
(0.1 0 0)
(0.116666666667 0 0)
(0.133333333333 0 0)
(0.15 0 0)
(0.166666666667 0 0)
(0.183333333333 0 0)
(0.2 0 0)
(0.216666666667 0 0)
(0.233333333333 0 0)
(0.25 0 0)
(0.266666666667 0 0)
(0.283333333333 0 0)
(0.3 0 0)
(0.316666666667 0 0)
(0.333333333333 0 0)
(0.35 0 0)
(0.366666666667 0 0)
(0.383333333333 0 0)
(0.4 0 0)
(0.416666666667 0 0)
(0.433333333333 0 0)
(0.45 0 0)
(0.466666666667 0 0)
(0.483333333333 0 0)
(0.5 0 0)
(0.516666666667 0 0)
(0.533333333333 0 0)
(0.55 0 0)
(0.566666666667 0 0)
(0.583333333333 0 0)
(0.6 0 0)
(0.616666666667 0 0)
(0.633333333333 0 0)
(0.65 0 0)
(0.666666666667 0 0)
(0.683333333333 0 0)
(0.7 0 0)
(0.716666666667 0 0)
(0.733333333333 0 0)
(0.75 0 0)
(0.766666666667 0 0)
(0.783333333333 0 0)
(0.8 0 0)
(0.816666666667 0 0)
(0.833333333333 0 0)
(0.85 0 0)
(0.866666666667 0 0)
(0.883333333333 0 0)
(0.9 0 0)
(0.916666666667 0 0)
(0.933333333333 0 0)
(0.95 0 0)
(0.966666666667 0 0)
(0.983333333333 0 0)
(1 0 0)
(1.01666666667 0 0)
(1.03333333333 0 0)
(1.05 0 0)
(1.06666666667 0 0)
(1.08333333333 0 0)
(1.1 0 0)
(1.11666666667 0 0)
(1.13333333333 0 0)
(1.15 0 0)
(1.16666666667 0 0)
(1.18333333333 0 0)
(1.2 0 0)
(0 0.005 0)
(0.0166666666667 0.005 0)
(0.0333333333333 0.005 0)
(0.05 0.005 0)
(0.0666666666667 0.005 0)
(0.0833333333333 0.005 0)
(0.1 0.005 0)
(0.116666666667 0.005 0)
(0.133333333333 0.005 0)
(0.15 0.005 0)
(0.166666666667 0.005 0)
(0.183333333333 0.005 0)
(0.2 0.005 0)
(0.216666666667 0.005 0)
(0.233333333333 0.005 0)
(0.25 0.005 0)
(0.266666666667 0.005 0)
(0.283333333333 0.005 0)
(0.3 0.005 0)
(0.316666666667 0.005 0)
(0.333333333333 0.005 0)
(0.35 0.005 0)
(0.366666666667 0.005 0)
(0.383333333333 0.005 0)
(0.4 0.005 0)
(0.416666666667 0.005 0)
(0.433333333333 0.005 0)
(0.45 0.005 0)
(0.466666666667 0.005 0)
(0.483333333333 0.005 0)
(0.5 0.005 0)
(0.516666666667 0.005 0)
(0.533333333333 0.005 0)
(0.55 0.005 0)
(0.566666666667 0.005 0)
(0.583333333333 0.005 0)
(0.6 0.005 0)
(0.616666666667 0.005 0)
(0.633333333333 0.005 0)
(0.65 0.005 0)
(0.666666666667 0.005 0)
(0.683333333333 0.005 0)
(0.7 0.005 0)
(0.716666666667 0.005 0)
(0.733333333333 0.005 0)
(0.75 0.005 0)
(0.766666666667 0.005 0)
(0.783333333333 0.005 0)
(0.8 0.005 0)
(0.816666666667 0.005 0)
(0.833333333333 0.005 0)
(0.85 0.005 0)
(0.866666666667 0.005 0)
(0.883333333333 0.005 0)
(0.9 0.005 0)
(0.916666666667 0.005 0)
(0.933333333333 0.005 0)
(0.95 0.005 0)
(0.966666666667 0.005 0)
(0.983333333333 0.005 0)
(1 0.005 0)
(1.01666666667 0.005 0)
(1.03333333333 0.005 0)
(1.05 0.005 0)
(1.06666666667 0.005 0)
(1.08333333333 0.005 0)
(1.1 0.005 0)
(1.11666666667 0.005 0)
(1.13333333333 0.005 0)
(1.15 0.005 0)
(1.16666666667 0.005 0)
(1.18333333333 0.005 0)
(1.2 0.005 0)
(0 0.01 0)
(0.0166666666667 0.01 0)
(0.0333333333333 0.01 0)
(0.05 0.01 0)
(0.0666666666667 0.01 0)
(0.0833333333333 0.01 0)
(0.1 0.01 0)
(0.116666666667 0.01 0)
(0.133333333333 0.01 0)
(0.15 0.01 0)
(0.166666666667 0.01 0)
(0.183333333333 0.01 0)
(0.2 0.01 0)
(0.216666666667 0.01 0)
(0.233333333333 0.01 0)
(0.25 0.01 0)
(0.266666666667 0.01 0)
(0.283333333333 0.01 0)
(0.3 0.01 0)
(0.316666666667 0.01 0)
(0.333333333333 0.01 0)
(0.35 0.01 0)
(0.366666666667 0.01 0)
(0.383333333333 0.01 0)
(0.4 0.01 0)
(0.416666666667 0.01 0)
(0.433333333333 0.01 0)
(0.45 0.01 0)
(0.466666666667 0.01 0)
(0.483333333333 0.01 0)
(0.5 0.01 0)
(0.516666666667 0.01 0)
(0.533333333333 0.01 0)
(0.55 0.01 0)
(0.566666666667 0.01 0)
(0.583333333333 0.01 0)
(0.6 0.01 0)
(0.616666666667 0.01 0)
(0.633333333333 0.01 0)
(0.65 0.01 0)
(0.666666666667 0.01 0)
(0.683333333333 0.01 0)
(0.7 0.01 0)
(0.716666666667 0.01 0)
(0.733333333333 0.01 0)
(0.75 0.01 0)
(0.766666666667 0.01 0)
(0.783333333333 0.01 0)
(0.8 0.01 0)
(0.816666666667 0.01 0)
(0.833333333333 0.01 0)
(0.85 0.01 0)
(0.866666666667 0.01 0)
(0.883333333333 0.01 0)
(0.9 0.01 0)
(0.916666666667 0.01 0)
(0.933333333333 0.01 0)
(0.95 0.01 0)
(0.966666666667 0.01 0)
(0.983333333333 0.01 0)
(1 0.01 0)
(1.01666666667 0.01 0)
(1.03333333333 0.01 0)
(1.05 0.01 0)
(1.06666666667 0.01 0)
(1.08333333333 0.01 0)
(1.1 0.01 0)
(1.11666666667 0.01 0)
(1.13333333333 0.01 0)
(1.15 0.01 0)
(1.16666666667 0.01 0)
(1.18333333333 0.01 0)
(1.2 0.01 0)
(0 0.015 0)
(0.0166666666667 0.015 0)
(0.0333333333333 0.015 0)
(0.05 0.015 0)
(0.0666666666667 0.015 0)
(0.0833333333333 0.015 0)
(0.1 0.015 0)
(0.116666666667 0.015 0)
(0.133333333333 0.015 0)
(0.15 0.015 0)
(0.166666666667 0.015 0)
(0.183333333333 0.015 0)
(0.2 0.015 0)
(0.216666666667 0.015 0)
(0.233333333333 0.015 0)
(0.25 0.015 0)
(0.266666666667 0.015 0)
(0.283333333333 0.015 0)
(0.3 0.015 0)
(0.316666666667 0.015 0)
(0.333333333333 0.015 0)
(0.35 0.015 0)
(0.366666666667 0.015 0)
(0.383333333333 0.015 0)
(0.4 0.015 0)
(0.416666666667 0.015 0)
(0.433333333333 0.015 0)
(0.45 0.015 0)
(0.466666666667 0.015 0)
(0.483333333333 0.015 0)
(0.5 0.015 0)
(0.516666666667 0.015 0)
(0.533333333333 0.015 0)
(0.55 0.015 0)
(0.566666666667 0.015 0)
(0.583333333333 0.015 0)
(0.6 0.015 0)
(0.616666666667 0.015 0)
(0.633333333333 0.015 0)
(0.65 0.015 0)
(0.666666666667 0.015 0)
(0.683333333333 0.015 0)
(0.7 0.015 0)
(0.716666666667 0.015 0)
(0.733333333333 0.015 0)
(0.75 0.015 0)
(0.766666666667 0.015 0)
(0.783333333333 0.015 0)
(0.8 0.015 0)
(0.816666666667 0.015 0)
(0.833333333333 0.015 0)
(0.85 0.015 0)
(0.866666666667 0.015 0)
(0.883333333333 0.015 0)
(0.9 0.015 0)
(0.916666666667 0.015 0)
(0.933333333333 0.015 0)
(0.95 0.015 0)
(0.966666666667 0.015 0)
(0.983333333333 0.015 0)
(1 0.015 0)
(1.01666666667 0.015 0)
(1.03333333333 0.015 0)
(1.05 0.015 0)
(1.06666666667 0.015 0)
(1.08333333333 0.015 0)
(1.1 0.015 0)
(1.11666666667 0.015 0)
(1.13333333333 0.015 0)
(1.15 0.015 0)
(1.16666666667 0.015 0)
(1.18333333333 0.015 0)
(1.2 0.015 0)
(0 0.02 0)
(0.0166666666667 0.02 0)
(0.0333333333333 0.02 0)
(0.05 0.02 0)
(0.0666666666667 0.02 0)
(0.0833333333333 0.02 0)
(0.1 0.02 0)
(0.116666666667 0.02 0)
(0.133333333333 0.02 0)
(0.15 0.02 0)
(0.166666666667 0.02 0)
(0.183333333333 0.02 0)
(0.2 0.02 0)
(0.216666666667 0.02 0)
(0.233333333333 0.02 0)
(0.25 0.02 0)
(0.266666666667 0.02 0)
(0.283333333333 0.02 0)
(0.3 0.02 0)
(0.316666666667 0.02 0)
(0.333333333333 0.02 0)
(0.35 0.02 0)
(0.366666666667 0.02 0)
(0.383333333333 0.02 0)
(0.4 0.02 0)
(0.416666666667 0.02 0)
(0.433333333333 0.02 0)
(0.45 0.02 0)
(0.466666666667 0.02 0)
(0.483333333333 0.02 0)
(0.5 0.02 0)
(0.516666666667 0.02 0)
(0.533333333333 0.02 0)
(0.55 0.02 0)
(0.566666666667 0.02 0)
(0.583333333333 0.02 0)
(0.6 0.02 0)
(0.616666666667 0.02 0)
(0.633333333333 0.02 0)
(0.65 0.02 0)
(0.666666666667 0.02 0)
(0.683333333333 0.02 0)
(0.7 0.02 0)
(0.716666666667 0.02 0)
(0.733333333333 0.02 0)
(0.75 0.02 0)
(0.766666666667 0.02 0)
(0.783333333333 0.02 0)
(0.8 0.02 0)
(0.816666666667 0.02 0)
(0.833333333333 0.02 0)
(0.85 0.02 0)
(0.866666666667 0.02 0)
(0.883333333333 0.02 0)
(0.9 0.02 0)
(0.916666666667 0.02 0)
(0.933333333333 0.02 0)
(0.95 0.02 0)
(0.966666666667 0.02 0)
(0.983333333333 0.02 0)
(1 0.02 0)
(1.01666666667 0.02 0)
(1.03333333333 0.02 0)
(1.05 0.02 0)
(1.06666666667 0.02 0)
(1.08333333333 0.02 0)
(1.1 0.02 0)
(1.11666666667 0.02 0)
(1.13333333333 0.02 0)
(1.15 0.02 0)
(1.16666666667 0.02 0)
(1.18333333333 0.02 0)
(1.2 0.02 0)
(0 0.025 0)
(0.0166666666667 0.025 0)
(0.0333333333333 0.025 0)
(0.05 0.025 0)
(0.0666666666667 0.025 0)
(0.0833333333333 0.025 0)
(0.1 0.025 0)
(0.116666666667 0.025 0)
(0.133333333333 0.025 0)
(0.15 0.025 0)
(0.166666666667 0.025 0)
(0.183333333333 0.025 0)
(0.2 0.025 0)
(0.216666666667 0.025 0)
(0.233333333333 0.025 0)
(0.25 0.025 0)
(0.266666666667 0.025 0)
(0.283333333333 0.025 0)
(0.3 0.025 0)
(0.316666666667 0.025 0)
(0.333333333333 0.025 0)
(0.35 0.025 0)
(0.366666666667 0.025 0)
(0.383333333333 0.025 0)
(0.4 0.025 0)
(0.416666666667 0.025 0)
(0.433333333333 0.025 0)
(0.45 0.025 0)
(0.466666666667 0.025 0)
(0.483333333333 0.025 0)
(0.5 0.025 0)
(0.516666666667 0.025 0)
(0.533333333333 0.025 0)
(0.55 0.025 0)
(0.566666666667 0.025 0)
(0.583333333333 0.025 0)
(0.6 0.025 0)
(0.616666666667 0.025 0)
(0.633333333333 0.025 0)
(0.65 0.025 0)
(0.666666666667 0.025 0)
(0.683333333333 0.025 0)
(0.7 0.025 0)
(0.716666666667 0.025 0)
(0.733333333333 0.025 0)
(0.75 0.025 0)
(0.766666666667 0.025 0)
(0.783333333333 0.025 0)
(0.8 0.025 0)
(0.816666666667 0.025 0)
(0.833333333333 0.025 0)
(0.85 0.025 0)
(0.866666666667 0.025 0)
(0.883333333333 0.025 0)
(0.9 0.025 0)
(0.916666666667 0.025 0)
(0.933333333333 0.025 0)
(0.95 0.025 0)
(0.966666666667 0.025 0)
(0.983333333333 0.025 0)
(1 0.025 0)
(1.01666666667 0.025 0)
(1.03333333333 0.025 0)
(1.05 0.025 0)
(1.06666666667 0.025 0)
(1.08333333333 0.025 0)
(1.1 0.025 0)
(1.11666666667 0.025 0)
(1.13333333333 0.025 0)
(1.15 0.025 0)
(1.16666666667 0.025 0)
(1.18333333333 0.025 0)
(1.2 0.025 0)
(0 0.03 0)
(0.0166666666667 0.03 0)
(0.0333333333333 0.03 0)
(0.05 0.03 0)
(0.0666666666667 0.03 0)
(0.0833333333333 0.03 0)
(0.1 0.03 0)
(0.116666666667 0.03 0)
(0.133333333333 0.03 0)
(0.15 0.03 0)
(0.166666666667 0.03 0)
(0.183333333333 0.03 0)
(0.2 0.03 0)
(0.216666666667 0.03 0)
(0.233333333333 0.03 0)
(0.25 0.03 0)
(0.266666666667 0.03 0)
(0.283333333333 0.03 0)
(0.3 0.03 0)
(0.316666666667 0.03 0)
(0.333333333333 0.03 0)
(0.35 0.03 0)
(0.366666666667 0.03 0)
(0.383333333333 0.03 0)
(0.4 0.03 0)
(0.416666666667 0.03 0)
(0.433333333333 0.03 0)
(0.45 0.03 0)
(0.466666666667 0.03 0)
(0.483333333333 0.03 0)
(0.5 0.03 0)
(0.516666666667 0.03 0)
(0.533333333333 0.03 0)
(0.55 0.03 0)
(0.566666666667 0.03 0)
(0.583333333333 0.03 0)
(0.6 0.03 0)
(0.616666666667 0.03 0)
(0.633333333333 0.03 0)
(0.65 0.03 0)
(0.666666666667 0.03 0)
(0.683333333333 0.03 0)
(0.7 0.03 0)
(0.716666666667 0.03 0)
(0.733333333333 0.03 0)
(0.75 0.03 0)
(0.766666666667 0.03 0)
(0.783333333333 0.03 0)
(0.8 0.03 0)
(0.816666666667 0.03 0)
(0.833333333333 0.03 0)
(0.85 0.03 0)
(0.866666666667 0.03 0)
(0.883333333333 0.03 0)
(0.9 0.03 0)
(0.916666666667 0.03 0)
(0.933333333333 0.03 0)
(0.95 0.03 0)
(0.966666666667 0.03 0)
(0.983333333333 0.03 0)
(1 0.03 0)
(1.01666666667 0.03 0)
(1.03333333333 0.03 0)
(1.05 0.03 0)
(1.06666666667 0.03 0)
(1.08333333333 0.03 0)
(1.1 0.03 0)
(1.11666666667 0.03 0)
(1.13333333333 0.03 0)
(1.15 0.03 0)
(1.16666666667 0.03 0)
(1.18333333333 0.03 0)
(1.2 0.03 0)
(0 0.035 0)
(0.0166666666667 0.035 0)
(0.0333333333333 0.035 0)
(0.05 0.035 0)
(0.0666666666667 0.035 0)
(0.0833333333333 0.035 0)
(0.1 0.035 0)
(0.116666666667 0.035 0)
(0.133333333333 0.035 0)
(0.15 0.035 0)
(0.166666666667 0.035 0)
(0.183333333333 0.035 0)
(0.2 0.035 0)
(0.216666666667 0.035 0)
(0.233333333333 0.035 0)
(0.25 0.035 0)
(0.266666666667 0.035 0)
(0.283333333333 0.035 0)
(0.3 0.035 0)
(0.316666666667 0.035 0)
(0.333333333333 0.035 0)
(0.35 0.035 0)
(0.366666666667 0.035 0)
(0.383333333333 0.035 0)
(0.4 0.035 0)
(0.416666666667 0.035 0)
(0.433333333333 0.035 0)
(0.45 0.035 0)
(0.466666666667 0.035 0)
(0.483333333333 0.035 0)
(0.5 0.035 0)
(0.516666666667 0.035 0)
(0.533333333333 0.035 0)
(0.55 0.035 0)
(0.566666666667 0.035 0)
(0.583333333333 0.035 0)
(0.6 0.035 0)
(0.616666666667 0.035 0)
(0.633333333333 0.035 0)
(0.65 0.035 0)
(0.666666666667 0.035 0)
(0.683333333333 0.035 0)
(0.7 0.035 0)
(0.716666666667 0.035 0)
(0.733333333333 0.035 0)
(0.75 0.035 0)
(0.766666666667 0.035 0)
(0.783333333333 0.035 0)
(0.8 0.035 0)
(0.816666666667 0.035 0)
(0.833333333333 0.035 0)
(0.85 0.035 0)
(0.866666666667 0.035 0)
(0.883333333333 0.035 0)
(0.9 0.035 0)
(0.916666666667 0.035 0)
(0.933333333333 0.035 0)
(0.95 0.035 0)
(0.966666666667 0.035 0)
(0.983333333333 0.035 0)
(1 0.035 0)
(1.01666666667 0.035 0)
(1.03333333333 0.035 0)
(1.05 0.035 0)
(1.06666666667 0.035 0)
(1.08333333333 0.035 0)
(1.1 0.035 0)
(1.11666666667 0.035 0)
(1.13333333333 0.035 0)
(1.15 0.035 0)
(1.16666666667 0.035 0)
(1.18333333333 0.035 0)
(1.2 0.035 0)
(0 0.04 0)
(0.0166666666667 0.04 0)
(0.0333333333333 0.04 0)
(0.05 0.04 0)
(0.0666666666667 0.04 0)
(0.0833333333333 0.04 0)
(0.1 0.04 0)
(0.116666666667 0.04 0)
(0.133333333333 0.04 0)
(0.15 0.04 0)
(0.166666666667 0.04 0)
(0.183333333333 0.04 0)
(0.2 0.04 0)
(0.216666666667 0.04 0)
(0.233333333333 0.04 0)
(0.25 0.04 0)
(0.266666666667 0.04 0)
(0.283333333333 0.04 0)
(0.3 0.04 0)
(0.316666666667 0.04 0)
(0.333333333333 0.04 0)
(0.35 0.04 0)
(0.366666666667 0.04 0)
(0.383333333333 0.04 0)
(0.4 0.04 0)
(0.416666666667 0.04 0)
(0.433333333333 0.04 0)
(0.45 0.04 0)
(0.466666666667 0.04 0)
(0.483333333333 0.04 0)
(0.5 0.04 0)
(0.516666666667 0.04 0)
(0.533333333333 0.04 0)
(0.55 0.04 0)
(0.566666666667 0.04 0)
(0.583333333333 0.04 0)
(0.6 0.04 0)
(0.616666666667 0.04 0)
(0.633333333333 0.04 0)
(0.65 0.04 0)
(0.666666666667 0.04 0)
(0.683333333333 0.04 0)
(0.7 0.04 0)
(0.716666666667 0.04 0)
(0.733333333333 0.04 0)
(0.75 0.04 0)
(0.766666666667 0.04 0)
(0.783333333333 0.04 0)
(0.8 0.04 0)
(0.816666666667 0.04 0)
(0.833333333333 0.04 0)
(0.85 0.04 0)
(0.866666666667 0.04 0)
(0.883333333333 0.04 0)
(0.9 0.04 0)
(0.916666666667 0.04 0)
(0.933333333333 0.04 0)
(0.95 0.04 0)
(0.966666666667 0.04 0)
(0.983333333333 0.04 0)
(1 0.04 0)
(1.01666666667 0.04 0)
(1.03333333333 0.04 0)
(1.05 0.04 0)
(1.06666666667 0.04 0)
(1.08333333333 0.04 0)
(1.1 0.04 0)
(1.11666666667 0.04 0)
(1.13333333333 0.04 0)
(1.15 0.04 0)
(1.16666666667 0.04 0)
(1.18333333333 0.04 0)
(1.2 0.04 0)
(0 0.045 0)
(0.0166666666667 0.045 0)
(0.0333333333333 0.045 0)
(0.05 0.045 0)
(0.0666666666667 0.045 0)
(0.0833333333333 0.045 0)
(0.1 0.045 0)
(0.116666666667 0.045 0)
(0.133333333333 0.045 0)
(0.15 0.045 0)
(0.166666666667 0.045 0)
(0.183333333333 0.045 0)
(0.2 0.045 0)
(0.216666666667 0.045 0)
(0.233333333333 0.045 0)
(0.25 0.045 0)
(0.266666666667 0.045 0)
(0.283333333333 0.045 0)
(0.3 0.045 0)
(0.316666666667 0.045 0)
(0.333333333333 0.045 0)
(0.35 0.045 0)
(0.366666666667 0.045 0)
(0.383333333333 0.045 0)
(0.4 0.045 0)
(0.416666666667 0.045 0)
(0.433333333333 0.045 0)
(0.45 0.045 0)
(0.466666666667 0.045 0)
(0.483333333333 0.045 0)
(0.5 0.045 0)
(0.516666666667 0.045 0)
(0.533333333333 0.045 0)
(0.55 0.045 0)
(0.566666666667 0.045 0)
(0.583333333333 0.045 0)
(0.6 0.045 0)
(0.616666666667 0.045 0)
(0.633333333333 0.045 0)
(0.65 0.045 0)
(0.666666666667 0.045 0)
(0.683333333333 0.045 0)
(0.7 0.045 0)
(0.716666666667 0.045 0)
(0.733333333333 0.045 0)
(0.75 0.045 0)
(0.766666666667 0.045 0)
(0.783333333333 0.045 0)
(0.8 0.045 0)
(0.816666666667 0.045 0)
(0.833333333333 0.045 0)
(0.85 0.045 0)
(0.866666666667 0.045 0)
(0.883333333333 0.045 0)
(0.9 0.045 0)
(0.916666666667 0.045 0)
(0.933333333333 0.045 0)
(0.95 0.045 0)
(0.966666666667 0.045 0)
(0.983333333333 0.045 0)
(1 0.045 0)
(1.01666666667 0.045 0)
(1.03333333333 0.045 0)
(1.05 0.045 0)
(1.06666666667 0.045 0)
(1.08333333333 0.045 0)
(1.1 0.045 0)
(1.11666666667 0.045 0)
(1.13333333333 0.045 0)
(1.15 0.045 0)
(1.16666666667 0.045 0)
(1.18333333333 0.045 0)
(1.2 0.045 0)
(0 0.05 0)
(0.0166666666667 0.05 0)
(0.0333333333333 0.05 0)
(0.05 0.05 0)
(0.0666666666667 0.05 0)
(0.0833333333333 0.05 0)
(0.1 0.05 0)
(0.116666666667 0.05 0)
(0.133333333333 0.05 0)
(0.15 0.05 0)
(0.166666666667 0.05 0)
(0.183333333333 0.05 0)
(0.2 0.05 0)
(0.216666666667 0.05 0)
(0.233333333333 0.05 0)
(0.25 0.05 0)
(0.266666666667 0.05 0)
(0.283333333333 0.05 0)
(0.3 0.05 0)
(0.316666666667 0.05 0)
(0.333333333333 0.05 0)
(0.35 0.05 0)
(0.366666666667 0.05 0)
(0.383333333333 0.05 0)
(0.4 0.05 0)
(0.416666666667 0.05 0)
(0.433333333333 0.05 0)
(0.45 0.05 0)
(0.466666666667 0.05 0)
(0.483333333333 0.05 0)
(0.5 0.05 0)
(0.516666666667 0.05 0)
(0.533333333333 0.05 0)
(0.55 0.05 0)
(0.566666666667 0.05 0)
(0.583333333333 0.05 0)
(0.6 0.05 0)
(0.616666666667 0.05 0)
(0.633333333333 0.05 0)
(0.65 0.05 0)
(0.666666666667 0.05 0)
(0.683333333333 0.05 0)
(0.7 0.05 0)
(0.716666666667 0.05 0)
(0.733333333333 0.05 0)
(0.75 0.05 0)
(0.766666666667 0.05 0)
(0.783333333333 0.05 0)
(0.8 0.05 0)
(0.816666666667 0.05 0)
(0.833333333333 0.05 0)
(0.85 0.05 0)
(0.866666666667 0.05 0)
(0.883333333333 0.05 0)
(0.9 0.05 0)
(0.916666666667 0.05 0)
(0.933333333333 0.05 0)
(0.95 0.05 0)
(0.966666666667 0.05 0)
(0.983333333333 0.05 0)
(1 0.05 0)
(1.01666666667 0.05 0)
(1.03333333333 0.05 0)
(1.05 0.05 0)
(1.06666666667 0.05 0)
(1.08333333333 0.05 0)
(1.1 0.05 0)
(1.11666666667 0.05 0)
(1.13333333333 0.05 0)
(1.15 0.05 0)
(1.16666666667 0.05 0)
(1.18333333333 0.05 0)
(1.2 0.05 0)
(0 0.055 0)
(0.0166666666667 0.055 0)
(0.0333333333333 0.055 0)
(0.05 0.055 0)
(0.0666666666667 0.055 0)
(0.0833333333333 0.055 0)
(0.1 0.055 0)
(0.116666666667 0.055 0)
(0.133333333333 0.055 0)
(0.15 0.055 0)
(0.166666666667 0.055 0)
(0.183333333333 0.055 0)
(0.2 0.055 0)
(0.216666666667 0.055 0)
(0.233333333333 0.055 0)
(0.25 0.055 0)
(0.266666666667 0.055 0)
(0.283333333333 0.055 0)
(0.3 0.055 0)
(0.316666666667 0.055 0)
(0.333333333333 0.055 0)
(0.35 0.055 0)
(0.366666666667 0.055 0)
(0.383333333333 0.055 0)
(0.4 0.055 0)
(0.416666666667 0.055 0)
(0.433333333333 0.055 0)
(0.45 0.055 0)
(0.466666666667 0.055 0)
(0.483333333333 0.055 0)
(0.5 0.055 0)
(0.516666666667 0.055 0)
(0.533333333333 0.055 0)
(0.55 0.055 0)
(0.566666666667 0.055 0)
(0.583333333333 0.055 0)
(0.6 0.055 0)
(0.616666666667 0.055 0)
(0.633333333333 0.055 0)
(0.65 0.055 0)
(0.666666666667 0.055 0)
(0.683333333333 0.055 0)
(0.7 0.055 0)
(0.716666666667 0.055 0)
(0.733333333333 0.055 0)
(0.75 0.055 0)
(0.766666666667 0.055 0)
(0.783333333333 0.055 0)
(0.8 0.055 0)
(0.816666666667 0.055 0)
(0.833333333333 0.055 0)
(0.85 0.055 0)
(0.866666666667 0.055 0)
(0.883333333333 0.055 0)
(0.9 0.055 0)
(0.916666666667 0.055 0)
(0.933333333333 0.055 0)
(0.95 0.055 0)
(0.966666666667 0.055 0)
(0.983333333333 0.055 0)
(1 0.055 0)
(1.01666666667 0.055 0)
(1.03333333333 0.055 0)
(1.05 0.055 0)
(1.06666666667 0.055 0)
(1.08333333333 0.055 0)
(1.1 0.055 0)
(1.11666666667 0.055 0)
(1.13333333333 0.055 0)
(1.15 0.055 0)
(1.16666666667 0.055 0)
(1.18333333333 0.055 0)
(1.2 0.055 0)
(0 0.06 0)
(0.0166666666667 0.06 0)
(0.0333333333333 0.06 0)
(0.05 0.06 0)
(0.0666666666667 0.06 0)
(0.0833333333333 0.06 0)
(0.1 0.06 0)
(0.116666666667 0.06 0)
(0.133333333333 0.06 0)
(0.15 0.06 0)
(0.166666666667 0.06 0)
(0.183333333333 0.06 0)
(0.2 0.06 0)
(0.216666666667 0.06 0)
(0.233333333333 0.06 0)
(0.25 0.06 0)
(0.266666666667 0.06 0)
(0.283333333333 0.06 0)
(0.3 0.06 0)
(0.316666666667 0.06 0)
(0.333333333333 0.06 0)
(0.35 0.06 0)
(0.366666666667 0.06 0)
(0.383333333333 0.06 0)
(0.4 0.06 0)
(0.416666666667 0.06 0)
(0.433333333333 0.06 0)
(0.45 0.06 0)
(0.466666666667 0.06 0)
(0.483333333333 0.06 0)
(0.5 0.06 0)
(0.516666666667 0.06 0)
(0.533333333333 0.06 0)
(0.55 0.06 0)
(0.566666666667 0.06 0)
(0.583333333333 0.06 0)
(0.6 0.06 0)
(0.616666666667 0.06 0)
(0.633333333333 0.06 0)
(0.65 0.06 0)
(0.666666666667 0.06 0)
(0.683333333333 0.06 0)
(0.7 0.06 0)
(0.716666666667 0.06 0)
(0.733333333333 0.06 0)
(0.75 0.06 0)
(0.766666666667 0.06 0)
(0.783333333333 0.06 0)
(0.8 0.06 0)
(0.816666666667 0.06 0)
(0.833333333333 0.06 0)
(0.85 0.06 0)
(0.866666666667 0.06 0)
(0.883333333333 0.06 0)
(0.9 0.06 0)
(0.916666666667 0.06 0)
(0.933333333333 0.06 0)
(0.95 0.06 0)
(0.966666666667 0.06 0)
(0.983333333333 0.06 0)
(1 0.06 0)
(1.01666666667 0.06 0)
(1.03333333333 0.06 0)
(1.05 0.06 0)
(1.06666666667 0.06 0)
(1.08333333333 0.06 0)
(1.1 0.06 0)
(1.11666666667 0.06 0)
(1.13333333333 0.06 0)
(1.15 0.06 0)
(1.16666666667 0.06 0)
(1.18333333333 0.06 0)
(1.2 0.06 0)
(0 0.065 0)
(0.0166666666667 0.065 0)
(0.0333333333333 0.065 0)
(0.05 0.065 0)
(0.0666666666667 0.065 0)
(0.0833333333333 0.065 0)
(0.1 0.065 0)
(0.116666666667 0.065 0)
(0.133333333333 0.065 0)
(0.15 0.065 0)
(0.166666666667 0.065 0)
(0.183333333333 0.065 0)
(0.2 0.065 0)
(0.216666666667 0.065 0)
(0.233333333333 0.065 0)
(0.25 0.065 0)
(0.266666666667 0.065 0)
(0.283333333333 0.065 0)
(0.3 0.065 0)
(0.316666666667 0.065 0)
(0.333333333333 0.065 0)
(0.35 0.065 0)
(0.366666666667 0.065 0)
(0.383333333333 0.065 0)
(0.4 0.065 0)
(0.416666666667 0.065 0)
(0.433333333333 0.065 0)
(0.45 0.065 0)
(0.466666666667 0.065 0)
(0.483333333333 0.065 0)
(0.5 0.065 0)
(0.516666666667 0.065 0)
(0.533333333333 0.065 0)
(0.55 0.065 0)
(0.566666666667 0.065 0)
(0.583333333333 0.065 0)
(0.6 0.065 0)
(0.616666666667 0.065 0)
(0.633333333333 0.065 0)
(0.65 0.065 0)
(0.666666666667 0.065 0)
(0.683333333333 0.065 0)
(0.7 0.065 0)
(0.716666666667 0.065 0)
(0.733333333333 0.065 0)
(0.75 0.065 0)
(0.766666666667 0.065 0)
(0.783333333333 0.065 0)
(0.8 0.065 0)
(0.816666666667 0.065 0)
(0.833333333333 0.065 0)
(0.85 0.065 0)
(0.866666666667 0.065 0)
(0.883333333333 0.065 0)
(0.9 0.065 0)
(0.916666666667 0.065 0)
(0.933333333333 0.065 0)
(0.95 0.065 0)
(0.966666666667 0.065 0)
(0.983333333333 0.065 0)
(1 0.065 0)
(1.01666666667 0.065 0)
(1.03333333333 0.065 0)
(1.05 0.065 0)
(1.06666666667 0.065 0)
(1.08333333333 0.065 0)
(1.1 0.065 0)
(1.11666666667 0.065 0)
(1.13333333333 0.065 0)
(1.15 0.065 0)
(1.16666666667 0.065 0)
(1.18333333333 0.065 0)
(1.2 0.065 0)
(0 0.07 0)
(0.0166666666667 0.07 0)
(0.0333333333333 0.07 0)
(0.05 0.07 0)
(0.0666666666667 0.07 0)
(0.0833333333333 0.07 0)
(0.1 0.07 0)
(0.116666666667 0.07 0)
(0.133333333333 0.07 0)
(0.15 0.07 0)
(0.166666666667 0.07 0)
(0.183333333333 0.07 0)
(0.2 0.07 0)
(0.216666666667 0.07 0)
(0.233333333333 0.07 0)
(0.25 0.07 0)
(0.266666666667 0.07 0)
(0.283333333333 0.07 0)
(0.3 0.07 0)
(0.316666666667 0.07 0)
(0.333333333333 0.07 0)
(0.35 0.07 0)
(0.366666666667 0.07 0)
(0.383333333333 0.07 0)
(0.4 0.07 0)
(0.416666666667 0.07 0)
(0.433333333333 0.07 0)
(0.45 0.07 0)
(0.466666666667 0.07 0)
(0.483333333333 0.07 0)
(0.5 0.07 0)
(0.516666666667 0.07 0)
(0.533333333333 0.07 0)
(0.55 0.07 0)
(0.566666666667 0.07 0)
(0.583333333333 0.07 0)
(0.6 0.07 0)
(0.616666666667 0.07 0)
(0.633333333333 0.07 0)
(0.65 0.07 0)
(0.666666666667 0.07 0)
(0.683333333333 0.07 0)
(0.7 0.07 0)
(0.716666666667 0.07 0)
(0.733333333333 0.07 0)
(0.75 0.07 0)
(0.766666666667 0.07 0)
(0.783333333333 0.07 0)
(0.8 0.07 0)
(0.816666666667 0.07 0)
(0.833333333333 0.07 0)
(0.85 0.07 0)
(0.866666666667 0.07 0)
(0.883333333333 0.07 0)
(0.9 0.07 0)
(0.916666666667 0.07 0)
(0.933333333333 0.07 0)
(0.95 0.07 0)
(0.966666666667 0.07 0)
(0.983333333333 0.07 0)
(1 0.07 0)
(1.01666666667 0.07 0)
(1.03333333333 0.07 0)
(1.05 0.07 0)
(1.06666666667 0.07 0)
(1.08333333333 0.07 0)
(1.1 0.07 0)
(1.11666666667 0.07 0)
(1.13333333333 0.07 0)
(1.15 0.07 0)
(1.16666666667 0.07 0)
(1.18333333333 0.07 0)
(1.2 0.07 0)
(0 0.075 0)
(0.0166666666667 0.075 0)
(0.0333333333333 0.075 0)
(0.05 0.075 0)
(0.0666666666667 0.075 0)
(0.0833333333333 0.075 0)
(0.1 0.075 0)
(0.116666666667 0.075 0)
(0.133333333333 0.075 0)
(0.15 0.075 0)
(0.166666666667 0.075 0)
(0.183333333333 0.075 0)
(0.2 0.075 0)
(0.216666666667 0.075 0)
(0.233333333333 0.075 0)
(0.25 0.075 0)
(0.266666666667 0.075 0)
(0.283333333333 0.075 0)
(0.3 0.075 0)
(0.316666666667 0.075 0)
(0.333333333333 0.075 0)
(0.35 0.075 0)
(0.366666666667 0.075 0)
(0.383333333333 0.075 0)
(0.4 0.075 0)
(0.416666666667 0.075 0)
(0.433333333333 0.075 0)
(0.45 0.075 0)
(0.466666666667 0.075 0)
(0.483333333333 0.075 0)
(0.5 0.075 0)
(0.516666666667 0.075 0)
(0.533333333333 0.075 0)
(0.55 0.075 0)
(0.566666666667 0.075 0)
(0.583333333333 0.075 0)
(0.6 0.075 0)
(0.616666666667 0.075 0)
(0.633333333333 0.075 0)
(0.65 0.075 0)
(0.666666666667 0.075 0)
(0.683333333333 0.075 0)
(0.7 0.075 0)
(0.716666666667 0.075 0)
(0.733333333333 0.075 0)
(0.75 0.075 0)
(0.766666666667 0.075 0)
(0.783333333333 0.075 0)
(0.8 0.075 0)
(0.816666666667 0.075 0)
(0.833333333333 0.075 0)
(0.85 0.075 0)
(0.866666666667 0.075 0)
(0.883333333333 0.075 0)
(0.9 0.075 0)
(0.916666666667 0.075 0)
(0.933333333333 0.075 0)
(0.95 0.075 0)
(0.966666666667 0.075 0)
(0.983333333333 0.075 0)
(1 0.075 0)
(1.01666666667 0.075 0)
(1.03333333333 0.075 0)
(1.05 0.075 0)
(1.06666666667 0.075 0)
(1.08333333333 0.075 0)
(1.1 0.075 0)
(1.11666666667 0.075 0)
(1.13333333333 0.075 0)
(1.15 0.075 0)
(1.16666666667 0.075 0)
(1.18333333333 0.075 0)
(1.2 0.075 0)
(0 0.08 0)
(0.0166666666667 0.08 0)
(0.0333333333333 0.08 0)
(0.05 0.08 0)
(0.0666666666667 0.08 0)
(0.0833333333333 0.08 0)
(0.1 0.08 0)
(0.116666666667 0.08 0)
(0.133333333333 0.08 0)
(0.15 0.08 0)
(0.166666666667 0.08 0)
(0.183333333333 0.08 0)
(0.2 0.08 0)
(0.216666666667 0.08 0)
(0.233333333333 0.08 0)
(0.25 0.08 0)
(0.266666666667 0.08 0)
(0.283333333333 0.08 0)
(0.3 0.08 0)
(0.316666666667 0.08 0)
(0.333333333333 0.08 0)
(0.35 0.08 0)
(0.366666666667 0.08 0)
(0.383333333333 0.08 0)
(0.4 0.08 0)
(0.416666666667 0.08 0)
(0.433333333333 0.08 0)
(0.45 0.08 0)
(0.466666666667 0.08 0)
(0.483333333333 0.08 0)
(0.5 0.08 0)
(0.516666666667 0.08 0)
(0.533333333333 0.08 0)
(0.55 0.08 0)
(0.566666666667 0.08 0)
(0.583333333333 0.08 0)
(0.6 0.08 0)
(0.616666666667 0.08 0)
(0.633333333333 0.08 0)
(0.65 0.08 0)
(0.666666666667 0.08 0)
(0.683333333333 0.08 0)
(0.7 0.08 0)
(0.716666666667 0.08 0)
(0.733333333333 0.08 0)
(0.75 0.08 0)
(0.766666666667 0.08 0)
(0.783333333333 0.08 0)
(0.8 0.08 0)
(0.816666666667 0.08 0)
(0.833333333333 0.08 0)
(0.85 0.08 0)
(0.866666666667 0.08 0)
(0.883333333333 0.08 0)
(0.9 0.08 0)
(0.916666666667 0.08 0)
(0.933333333333 0.08 0)
(0.95 0.08 0)
(0.966666666667 0.08 0)
(0.983333333333 0.08 0)
(1 0.08 0)
(1.01666666667 0.08 0)
(1.03333333333 0.08 0)
(1.05 0.08 0)
(1.06666666667 0.08 0)
(1.08333333333 0.08 0)
(1.1 0.08 0)
(1.11666666667 0.08 0)
(1.13333333333 0.08 0)
(1.15 0.08 0)
(1.16666666667 0.08 0)
(1.18333333333 0.08 0)
(1.2 0.08 0)
(0 0 0.012)
(0.0166666666667 0 0.012)
(0.0333333333333 0 0.012)
(0.05 0 0.012)
(0.0666666666667 0 0.012)
(0.0833333333333 0 0.012)
(0.1 0 0.012)
(0.116666666667 0 0.012)
(0.133333333333 0 0.012)
(0.15 0 0.012)
(0.166666666667 0 0.012)
(0.183333333333 0 0.012)
(0.2 0 0.012)
(0.216666666667 0 0.012)
(0.233333333333 0 0.012)
(0.25 0 0.012)
(0.266666666667 0 0.012)
(0.283333333333 0 0.012)
(0.3 0 0.012)
(0.316666666667 0 0.012)
(0.333333333333 0 0.012)
(0.35 0 0.012)
(0.366666666667 0 0.012)
(0.383333333333 0 0.012)
(0.4 0 0.012)
(0.416666666667 0 0.012)
(0.433333333333 0 0.012)
(0.45 0 0.012)
(0.466666666667 0 0.012)
(0.483333333333 0 0.012)
(0.5 0 0.012)
(0.516666666667 0 0.012)
(0.533333333333 0 0.012)
(0.55 0 0.012)
(0.566666666667 0 0.012)
(0.583333333333 0 0.012)
(0.6 0 0.012)
(0.616666666667 0 0.012)
(0.633333333333 0 0.012)
(0.65 0 0.012)
(0.666666666667 0 0.012)
(0.683333333333 0 0.012)
(0.7 0 0.012)
(0.716666666667 0 0.012)
(0.733333333333 0 0.012)
(0.75 0 0.012)
(0.766666666667 0 0.012)
(0.783333333333 0 0.012)
(0.8 0 0.012)
(0.816666666667 0 0.012)
(0.833333333333 0 0.012)
(0.85 0 0.012)
(0.866666666667 0 0.012)
(0.883333333333 0 0.012)
(0.9 0 0.012)
(0.916666666667 0 0.012)
(0.933333333333 0 0.012)
(0.95 0 0.012)
(0.966666666667 0 0.012)
(0.983333333333 0 0.012)
(1 0 0.012)
(1.01666666667 0 0.012)
(1.03333333333 0 0.012)
(1.05 0 0.012)
(1.06666666667 0 0.012)
(1.08333333333 0 0.012)
(1.1 0 0.012)
(1.11666666667 0 0.012)
(1.13333333333 0 0.012)
(1.15 0 0.012)
(1.16666666667 0 0.012)
(1.18333333333 0 0.012)
(1.2 0 0.012)
(0 0.005 0.012)
(0.0166666666667 0.005 0.012)
(0.0333333333333 0.005 0.012)
(0.05 0.005 0.012)
(0.0666666666667 0.005 0.012)
(0.0833333333333 0.005 0.012)
(0.1 0.005 0.012)
(0.116666666667 0.005 0.012)
(0.133333333333 0.005 0.012)
(0.15 0.005 0.012)
(0.166666666667 0.005 0.012)
(0.183333333333 0.005 0.012)
(0.2 0.005 0.012)
(0.216666666667 0.005 0.012)
(0.233333333333 0.005 0.012)
(0.25 0.005 0.012)
(0.266666666667 0.005 0.012)
(0.283333333333 0.005 0.012)
(0.3 0.005 0.012)
(0.316666666667 0.005 0.012)
(0.333333333333 0.005 0.012)
(0.35 0.005 0.012)
(0.366666666667 0.005 0.012)
(0.383333333333 0.005 0.012)
(0.4 0.005 0.012)
(0.416666666667 0.005 0.012)
(0.433333333333 0.005 0.012)
(0.45 0.005 0.012)
(0.466666666667 0.005 0.012)
(0.483333333333 0.005 0.012)
(0.5 0.005 0.012)
(0.516666666667 0.005 0.012)
(0.533333333333 0.005 0.012)
(0.55 0.005 0.012)
(0.566666666667 0.005 0.012)
(0.583333333333 0.005 0.012)
(0.6 0.005 0.012)
(0.616666666667 0.005 0.012)
(0.633333333333 0.005 0.012)
(0.65 0.005 0.012)
(0.666666666667 0.005 0.012)
(0.683333333333 0.005 0.012)
(0.7 0.005 0.012)
(0.716666666667 0.005 0.012)
(0.733333333333 0.005 0.012)
(0.75 0.005 0.012)
(0.766666666667 0.005 0.012)
(0.783333333333 0.005 0.012)
(0.8 0.005 0.012)
(0.816666666667 0.005 0.012)
(0.833333333333 0.005 0.012)
(0.85 0.005 0.012)
(0.866666666667 0.005 0.012)
(0.883333333333 0.005 0.012)
(0.9 0.005 0.012)
(0.916666666667 0.005 0.012)
(0.933333333333 0.005 0.012)
(0.95 0.005 0.012)
(0.966666666667 0.005 0.012)
(0.983333333333 0.005 0.012)
(1 0.005 0.012)
(1.01666666667 0.005 0.012)
(1.03333333333 0.005 0.012)
(1.05 0.005 0.012)
(1.06666666667 0.005 0.012)
(1.08333333333 0.005 0.012)
(1.1 0.005 0.012)
(1.11666666667 0.005 0.012)
(1.13333333333 0.005 0.012)
(1.15 0.005 0.012)
(1.16666666667 0.005 0.012)
(1.18333333333 0.005 0.012)
(1.2 0.005 0.012)
(0 0.01 0.012)
(0.0166666666667 0.01 0.012)
(0.0333333333333 0.01 0.012)
(0.05 0.01 0.012)
(0.0666666666667 0.01 0.012)
(0.0833333333333 0.01 0.012)
(0.1 0.01 0.012)
(0.116666666667 0.01 0.012)
(0.133333333333 0.01 0.012)
(0.15 0.01 0.012)
(0.166666666667 0.01 0.012)
(0.183333333333 0.01 0.012)
(0.2 0.01 0.012)
(0.216666666667 0.01 0.012)
(0.233333333333 0.01 0.012)
(0.25 0.01 0.012)
(0.266666666667 0.01 0.012)
(0.283333333333 0.01 0.012)
(0.3 0.01 0.012)
(0.316666666667 0.01 0.012)
(0.333333333333 0.01 0.012)
(0.35 0.01 0.012)
(0.366666666667 0.01 0.012)
(0.383333333333 0.01 0.012)
(0.4 0.01 0.012)
(0.416666666667 0.01 0.012)
(0.433333333333 0.01 0.012)
(0.45 0.01 0.012)
(0.466666666667 0.01 0.012)
(0.483333333333 0.01 0.012)
(0.5 0.01 0.012)
(0.516666666667 0.01 0.012)
(0.533333333333 0.01 0.012)
(0.55 0.01 0.012)
(0.566666666667 0.01 0.012)
(0.583333333333 0.01 0.012)
(0.6 0.01 0.012)
(0.616666666667 0.01 0.012)
(0.633333333333 0.01 0.012)
(0.65 0.01 0.012)
(0.666666666667 0.01 0.012)
(0.683333333333 0.01 0.012)
(0.7 0.01 0.012)
(0.716666666667 0.01 0.012)
(0.733333333333 0.01 0.012)
(0.75 0.01 0.012)
(0.766666666667 0.01 0.012)
(0.783333333333 0.01 0.012)
(0.8 0.01 0.012)
(0.816666666667 0.01 0.012)
(0.833333333333 0.01 0.012)
(0.85 0.01 0.012)
(0.866666666667 0.01 0.012)
(0.883333333333 0.01 0.012)
(0.9 0.01 0.012)
(0.916666666667 0.01 0.012)
(0.933333333333 0.01 0.012)
(0.95 0.01 0.012)
(0.966666666667 0.01 0.012)
(0.983333333333 0.01 0.012)
(1 0.01 0.012)
(1.01666666667 0.01 0.012)
(1.03333333333 0.01 0.012)
(1.05 0.01 0.012)
(1.06666666667 0.01 0.012)
(1.08333333333 0.01 0.012)
(1.1 0.01 0.012)
(1.11666666667 0.01 0.012)
(1.13333333333 0.01 0.012)
(1.15 0.01 0.012)
(1.16666666667 0.01 0.012)
(1.18333333333 0.01 0.012)
(1.2 0.01 0.012)
(0 0.015 0.012)
(0.0166666666667 0.015 0.012)
(0.0333333333333 0.015 0.012)
(0.05 0.015 0.012)
(0.0666666666667 0.015 0.012)
(0.0833333333333 0.015 0.012)
(0.1 0.015 0.012)
(0.116666666667 0.015 0.012)
(0.133333333333 0.015 0.012)
(0.15 0.015 0.012)
(0.166666666667 0.015 0.012)
(0.183333333333 0.015 0.012)
(0.2 0.015 0.012)
(0.216666666667 0.015 0.012)
(0.233333333333 0.015 0.012)
(0.25 0.015 0.012)
(0.266666666667 0.015 0.012)
(0.283333333333 0.015 0.012)
(0.3 0.015 0.012)
(0.316666666667 0.015 0.012)
(0.333333333333 0.015 0.012)
(0.35 0.015 0.012)
(0.366666666667 0.015 0.012)
(0.383333333333 0.015 0.012)
(0.4 0.015 0.012)
(0.416666666667 0.015 0.012)
(0.433333333333 0.015 0.012)
(0.45 0.015 0.012)
(0.466666666667 0.015 0.012)
(0.483333333333 0.015 0.012)
(0.5 0.015 0.012)
(0.516666666667 0.015 0.012)
(0.533333333333 0.015 0.012)
(0.55 0.015 0.012)
(0.566666666667 0.015 0.012)
(0.583333333333 0.015 0.012)
(0.6 0.015 0.012)
(0.616666666667 0.015 0.012)
(0.633333333333 0.015 0.012)
(0.65 0.015 0.012)
(0.666666666667 0.015 0.012)
(0.683333333333 0.015 0.012)
(0.7 0.015 0.012)
(0.716666666667 0.015 0.012)
(0.733333333333 0.015 0.012)
(0.75 0.015 0.012)
(0.766666666667 0.015 0.012)
(0.783333333333 0.015 0.012)
(0.8 0.015 0.012)
(0.816666666667 0.015 0.012)
(0.833333333333 0.015 0.012)
(0.85 0.015 0.012)
(0.866666666667 0.015 0.012)
(0.883333333333 0.015 0.012)
(0.9 0.015 0.012)
(0.916666666667 0.015 0.012)
(0.933333333333 0.015 0.012)
(0.95 0.015 0.012)
(0.966666666667 0.015 0.012)
(0.983333333333 0.015 0.012)
(1 0.015 0.012)
(1.01666666667 0.015 0.012)
(1.03333333333 0.015 0.012)
(1.05 0.015 0.012)
(1.06666666667 0.015 0.012)
(1.08333333333 0.015 0.012)
(1.1 0.015 0.012)
(1.11666666667 0.015 0.012)
(1.13333333333 0.015 0.012)
(1.15 0.015 0.012)
(1.16666666667 0.015 0.012)
(1.18333333333 0.015 0.012)
(1.2 0.015 0.012)
(0 0.02 0.012)
(0.0166666666667 0.02 0.012)
(0.0333333333333 0.02 0.012)
(0.05 0.02 0.012)
(0.0666666666667 0.02 0.012)
(0.0833333333333 0.02 0.012)
(0.1 0.02 0.012)
(0.116666666667 0.02 0.012)
(0.133333333333 0.02 0.012)
(0.15 0.02 0.012)
(0.166666666667 0.02 0.012)
(0.183333333333 0.02 0.012)
(0.2 0.02 0.012)
(0.216666666667 0.02 0.012)
(0.233333333333 0.02 0.012)
(0.25 0.02 0.012)
(0.266666666667 0.02 0.012)
(0.283333333333 0.02 0.012)
(0.3 0.02 0.012)
(0.316666666667 0.02 0.012)
(0.333333333333 0.02 0.012)
(0.35 0.02 0.012)
(0.366666666667 0.02 0.012)
(0.383333333333 0.02 0.012)
(0.4 0.02 0.012)
(0.416666666667 0.02 0.012)
(0.433333333333 0.02 0.012)
(0.45 0.02 0.012)
(0.466666666667 0.02 0.012)
(0.483333333333 0.02 0.012)
(0.5 0.02 0.012)
(0.516666666667 0.02 0.012)
(0.533333333333 0.02 0.012)
(0.55 0.02 0.012)
(0.566666666667 0.02 0.012)
(0.583333333333 0.02 0.012)
(0.6 0.02 0.012)
(0.616666666667 0.02 0.012)
(0.633333333333 0.02 0.012)
(0.65 0.02 0.012)
(0.666666666667 0.02 0.012)
(0.683333333333 0.02 0.012)
(0.7 0.02 0.012)
(0.716666666667 0.02 0.012)
(0.733333333333 0.02 0.012)
(0.75 0.02 0.012)
(0.766666666667 0.02 0.012)
(0.783333333333 0.02 0.012)
(0.8 0.02 0.012)
(0.816666666667 0.02 0.012)
(0.833333333333 0.02 0.012)
(0.85 0.02 0.012)
(0.866666666667 0.02 0.012)
(0.883333333333 0.02 0.012)
(0.9 0.02 0.012)
(0.916666666667 0.02 0.012)
(0.933333333333 0.02 0.012)
(0.95 0.02 0.012)
(0.966666666667 0.02 0.012)
(0.983333333333 0.02 0.012)
(1 0.02 0.012)
(1.01666666667 0.02 0.012)
(1.03333333333 0.02 0.012)
(1.05 0.02 0.012)
(1.06666666667 0.02 0.012)
(1.08333333333 0.02 0.012)
(1.1 0.02 0.012)
(1.11666666667 0.02 0.012)
(1.13333333333 0.02 0.012)
(1.15 0.02 0.012)
(1.16666666667 0.02 0.012)
(1.18333333333 0.02 0.012)
(1.2 0.02 0.012)
(0 0.025 0.012)
(0.0166666666667 0.025 0.012)
(0.0333333333333 0.025 0.012)
(0.05 0.025 0.012)
(0.0666666666667 0.025 0.012)
(0.0833333333333 0.025 0.012)
(0.1 0.025 0.012)
(0.116666666667 0.025 0.012)
(0.133333333333 0.025 0.012)
(0.15 0.025 0.012)
(0.166666666667 0.025 0.012)
(0.183333333333 0.025 0.012)
(0.2 0.025 0.012)
(0.216666666667 0.025 0.012)
(0.233333333333 0.025 0.012)
(0.25 0.025 0.012)
(0.266666666667 0.025 0.012)
(0.283333333333 0.025 0.012)
(0.3 0.025 0.012)
(0.316666666667 0.025 0.012)
(0.333333333333 0.025 0.012)
(0.35 0.025 0.012)
(0.366666666667 0.025 0.012)
(0.383333333333 0.025 0.012)
(0.4 0.025 0.012)
(0.416666666667 0.025 0.012)
(0.433333333333 0.025 0.012)
(0.45 0.025 0.012)
(0.466666666667 0.025 0.012)
(0.483333333333 0.025 0.012)
(0.5 0.025 0.012)
(0.516666666667 0.025 0.012)
(0.533333333333 0.025 0.012)
(0.55 0.025 0.012)
(0.566666666667 0.025 0.012)
(0.583333333333 0.025 0.012)
(0.6 0.025 0.012)
(0.616666666667 0.025 0.012)
(0.633333333333 0.025 0.012)
(0.65 0.025 0.012)
(0.666666666667 0.025 0.012)
(0.683333333333 0.025 0.012)
(0.7 0.025 0.012)
(0.716666666667 0.025 0.012)
(0.733333333333 0.025 0.012)
(0.75 0.025 0.012)
(0.766666666667 0.025 0.012)
(0.783333333333 0.025 0.012)
(0.8 0.025 0.012)
(0.816666666667 0.025 0.012)
(0.833333333333 0.025 0.012)
(0.85 0.025 0.012)
(0.866666666667 0.025 0.012)
(0.883333333333 0.025 0.012)
(0.9 0.025 0.012)
(0.916666666667 0.025 0.012)
(0.933333333333 0.025 0.012)
(0.95 0.025 0.012)
(0.966666666667 0.025 0.012)
(0.983333333333 0.025 0.012)
(1 0.025 0.012)
(1.01666666667 0.025 0.012)
(1.03333333333 0.025 0.012)
(1.05 0.025 0.012)
(1.06666666667 0.025 0.012)
(1.08333333333 0.025 0.012)
(1.1 0.025 0.012)
(1.11666666667 0.025 0.012)
(1.13333333333 0.025 0.012)
(1.15 0.025 0.012)
(1.16666666667 0.025 0.012)
(1.18333333333 0.025 0.012)
(1.2 0.025 0.012)
(0 0.03 0.012)
(0.0166666666667 0.03 0.012)
(0.0333333333333 0.03 0.012)
(0.05 0.03 0.012)
(0.0666666666667 0.03 0.012)
(0.0833333333333 0.03 0.012)
(0.1 0.03 0.012)
(0.116666666667 0.03 0.012)
(0.133333333333 0.03 0.012)
(0.15 0.03 0.012)
(0.166666666667 0.03 0.012)
(0.183333333333 0.03 0.012)
(0.2 0.03 0.012)
(0.216666666667 0.03 0.012)
(0.233333333333 0.03 0.012)
(0.25 0.03 0.012)
(0.266666666667 0.03 0.012)
(0.283333333333 0.03 0.012)
(0.3 0.03 0.012)
(0.316666666667 0.03 0.012)
(0.333333333333 0.03 0.012)
(0.35 0.03 0.012)
(0.366666666667 0.03 0.012)
(0.383333333333 0.03 0.012)
(0.4 0.03 0.012)
(0.416666666667 0.03 0.012)
(0.433333333333 0.03 0.012)
(0.45 0.03 0.012)
(0.466666666667 0.03 0.012)
(0.483333333333 0.03 0.012)
(0.5 0.03 0.012)
(0.516666666667 0.03 0.012)
(0.533333333333 0.03 0.012)
(0.55 0.03 0.012)
(0.566666666667 0.03 0.012)
(0.583333333333 0.03 0.012)
(0.6 0.03 0.012)
(0.616666666667 0.03 0.012)
(0.633333333333 0.03 0.012)
(0.65 0.03 0.012)
(0.666666666667 0.03 0.012)
(0.683333333333 0.03 0.012)
(0.7 0.03 0.012)
(0.716666666667 0.03 0.012)
(0.733333333333 0.03 0.012)
(0.75 0.03 0.012)
(0.766666666667 0.03 0.012)
(0.783333333333 0.03 0.012)
(0.8 0.03 0.012)
(0.816666666667 0.03 0.012)
(0.833333333333 0.03 0.012)
(0.85 0.03 0.012)
(0.866666666667 0.03 0.012)
(0.883333333333 0.03 0.012)
(0.9 0.03 0.012)
(0.916666666667 0.03 0.012)
(0.933333333333 0.03 0.012)
(0.95 0.03 0.012)
(0.966666666667 0.03 0.012)
(0.983333333333 0.03 0.012)
(1 0.03 0.012)
(1.01666666667 0.03 0.012)
(1.03333333333 0.03 0.012)
(1.05 0.03 0.012)
(1.06666666667 0.03 0.012)
(1.08333333333 0.03 0.012)
(1.1 0.03 0.012)
(1.11666666667 0.03 0.012)
(1.13333333333 0.03 0.012)
(1.15 0.03 0.012)
(1.16666666667 0.03 0.012)
(1.18333333333 0.03 0.012)
(1.2 0.03 0.012)
(0 0.035 0.012)
(0.0166666666667 0.035 0.012)
(0.0333333333333 0.035 0.012)
(0.05 0.035 0.012)
(0.0666666666667 0.035 0.012)
(0.0833333333333 0.035 0.012)
(0.1 0.035 0.012)
(0.116666666667 0.035 0.012)
(0.133333333333 0.035 0.012)
(0.15 0.035 0.012)
(0.166666666667 0.035 0.012)
(0.183333333333 0.035 0.012)
(0.2 0.035 0.012)
(0.216666666667 0.035 0.012)
(0.233333333333 0.035 0.012)
(0.25 0.035 0.012)
(0.266666666667 0.035 0.012)
(0.283333333333 0.035 0.012)
(0.3 0.035 0.012)
(0.316666666667 0.035 0.012)
(0.333333333333 0.035 0.012)
(0.35 0.035 0.012)
(0.366666666667 0.035 0.012)
(0.383333333333 0.035 0.012)
(0.4 0.035 0.012)
(0.416666666667 0.035 0.012)
(0.433333333333 0.035 0.012)
(0.45 0.035 0.012)
(0.466666666667 0.035 0.012)
(0.483333333333 0.035 0.012)
(0.5 0.035 0.012)
(0.516666666667 0.035 0.012)
(0.533333333333 0.035 0.012)
(0.55 0.035 0.012)
(0.566666666667 0.035 0.012)
(0.583333333333 0.035 0.012)
(0.6 0.035 0.012)
(0.616666666667 0.035 0.012)
(0.633333333333 0.035 0.012)
(0.65 0.035 0.012)
(0.666666666667 0.035 0.012)
(0.683333333333 0.035 0.012)
(0.7 0.035 0.012)
(0.716666666667 0.035 0.012)
(0.733333333333 0.035 0.012)
(0.75 0.035 0.012)
(0.766666666667 0.035 0.012)
(0.783333333333 0.035 0.012)
(0.8 0.035 0.012)
(0.816666666667 0.035 0.012)
(0.833333333333 0.035 0.012)
(0.85 0.035 0.012)
(0.866666666667 0.035 0.012)
(0.883333333333 0.035 0.012)
(0.9 0.035 0.012)
(0.916666666667 0.035 0.012)
(0.933333333333 0.035 0.012)
(0.95 0.035 0.012)
(0.966666666667 0.035 0.012)
(0.983333333333 0.035 0.012)
(1 0.035 0.012)
(1.01666666667 0.035 0.012)
(1.03333333333 0.035 0.012)
(1.05 0.035 0.012)
(1.06666666667 0.035 0.012)
(1.08333333333 0.035 0.012)
(1.1 0.035 0.012)
(1.11666666667 0.035 0.012)
(1.13333333333 0.035 0.012)
(1.15 0.035 0.012)
(1.16666666667 0.035 0.012)
(1.18333333333 0.035 0.012)
(1.2 0.035 0.012)
(0 0.04 0.012)
(0.0166666666667 0.04 0.012)
(0.0333333333333 0.04 0.012)
(0.05 0.04 0.012)
(0.0666666666667 0.04 0.012)
(0.0833333333333 0.04 0.012)
(0.1 0.04 0.012)
(0.116666666667 0.04 0.012)
(0.133333333333 0.04 0.012)
(0.15 0.04 0.012)
(0.166666666667 0.04 0.012)
(0.183333333333 0.04 0.012)
(0.2 0.04 0.012)
(0.216666666667 0.04 0.012)
(0.233333333333 0.04 0.012)
(0.25 0.04 0.012)
(0.266666666667 0.04 0.012)
(0.283333333333 0.04 0.012)
(0.3 0.04 0.012)
(0.316666666667 0.04 0.012)
(0.333333333333 0.04 0.012)
(0.35 0.04 0.012)
(0.366666666667 0.04 0.012)
(0.383333333333 0.04 0.012)
(0.4 0.04 0.012)
(0.416666666667 0.04 0.012)
(0.433333333333 0.04 0.012)
(0.45 0.04 0.012)
(0.466666666667 0.04 0.012)
(0.483333333333 0.04 0.012)
(0.5 0.04 0.012)
(0.516666666667 0.04 0.012)
(0.533333333333 0.04 0.012)
(0.55 0.04 0.012)
(0.566666666667 0.04 0.012)
(0.583333333333 0.04 0.012)
(0.6 0.04 0.012)
(0.616666666667 0.04 0.012)
(0.633333333333 0.04 0.012)
(0.65 0.04 0.012)
(0.666666666667 0.04 0.012)
(0.683333333333 0.04 0.012)
(0.7 0.04 0.012)
(0.716666666667 0.04 0.012)
(0.733333333333 0.04 0.012)
(0.75 0.04 0.012)
(0.766666666667 0.04 0.012)
(0.783333333333 0.04 0.012)
(0.8 0.04 0.012)
(0.816666666667 0.04 0.012)
(0.833333333333 0.04 0.012)
(0.85 0.04 0.012)
(0.866666666667 0.04 0.012)
(0.883333333333 0.04 0.012)
(0.9 0.04 0.012)
(0.916666666667 0.04 0.012)
(0.933333333333 0.04 0.012)
(0.95 0.04 0.012)
(0.966666666667 0.04 0.012)
(0.983333333333 0.04 0.012)
(1 0.04 0.012)
(1.01666666667 0.04 0.012)
(1.03333333333 0.04 0.012)
(1.05 0.04 0.012)
(1.06666666667 0.04 0.012)
(1.08333333333 0.04 0.012)
(1.1 0.04 0.012)
(1.11666666667 0.04 0.012)
(1.13333333333 0.04 0.012)
(1.15 0.04 0.012)
(1.16666666667 0.04 0.012)
(1.18333333333 0.04 0.012)
(1.2 0.04 0.012)
(0 0.045 0.012)
(0.0166666666667 0.045 0.012)
(0.0333333333333 0.045 0.012)
(0.05 0.045 0.012)
(0.0666666666667 0.045 0.012)
(0.0833333333333 0.045 0.012)
(0.1 0.045 0.012)
(0.116666666667 0.045 0.012)
(0.133333333333 0.045 0.012)
(0.15 0.045 0.012)
(0.166666666667 0.045 0.012)
(0.183333333333 0.045 0.012)
(0.2 0.045 0.012)
(0.216666666667 0.045 0.012)
(0.233333333333 0.045 0.012)
(0.25 0.045 0.012)
(0.266666666667 0.045 0.012)
(0.283333333333 0.045 0.012)
(0.3 0.045 0.012)
(0.316666666667 0.045 0.012)
(0.333333333333 0.045 0.012)
(0.35 0.045 0.012)
(0.366666666667 0.045 0.012)
(0.383333333333 0.045 0.012)
(0.4 0.045 0.012)
(0.416666666667 0.045 0.012)
(0.433333333333 0.045 0.012)
(0.45 0.045 0.012)
(0.466666666667 0.045 0.012)
(0.483333333333 0.045 0.012)
(0.5 0.045 0.012)
(0.516666666667 0.045 0.012)
(0.533333333333 0.045 0.012)
(0.55 0.045 0.012)
(0.566666666667 0.045 0.012)
(0.583333333333 0.045 0.012)
(0.6 0.045 0.012)
(0.616666666667 0.045 0.012)
(0.633333333333 0.045 0.012)
(0.65 0.045 0.012)
(0.666666666667 0.045 0.012)
(0.683333333333 0.045 0.012)
(0.7 0.045 0.012)
(0.716666666667 0.045 0.012)
(0.733333333333 0.045 0.012)
(0.75 0.045 0.012)
(0.766666666667 0.045 0.012)
(0.783333333333 0.045 0.012)
(0.8 0.045 0.012)
(0.816666666667 0.045 0.012)
(0.833333333333 0.045 0.012)
(0.85 0.045 0.012)
(0.866666666667 0.045 0.012)
(0.883333333333 0.045 0.012)
(0.9 0.045 0.012)
(0.916666666667 0.045 0.012)
(0.933333333333 0.045 0.012)
(0.95 0.045 0.012)
(0.966666666667 0.045 0.012)
(0.983333333333 0.045 0.012)
(1 0.045 0.012)
(1.01666666667 0.045 0.012)
(1.03333333333 0.045 0.012)
(1.05 0.045 0.012)
(1.06666666667 0.045 0.012)
(1.08333333333 0.045 0.012)
(1.1 0.045 0.012)
(1.11666666667 0.045 0.012)
(1.13333333333 0.045 0.012)
(1.15 0.045 0.012)
(1.16666666667 0.045 0.012)
(1.18333333333 0.045 0.012)
(1.2 0.045 0.012)
(0 0.05 0.012)
(0.0166666666667 0.05 0.012)
(0.0333333333333 0.05 0.012)
(0.05 0.05 0.012)
(0.0666666666667 0.05 0.012)
(0.0833333333333 0.05 0.012)
(0.1 0.05 0.012)
(0.116666666667 0.05 0.012)
(0.133333333333 0.05 0.012)
(0.15 0.05 0.012)
(0.166666666667 0.05 0.012)
(0.183333333333 0.05 0.012)
(0.2 0.05 0.012)
(0.216666666667 0.05 0.012)
(0.233333333333 0.05 0.012)
(0.25 0.05 0.012)
(0.266666666667 0.05 0.012)
(0.283333333333 0.05 0.012)
(0.3 0.05 0.012)
(0.316666666667 0.05 0.012)
(0.333333333333 0.05 0.012)
(0.35 0.05 0.012)
(0.366666666667 0.05 0.012)
(0.383333333333 0.05 0.012)
(0.4 0.05 0.012)
(0.416666666667 0.05 0.012)
(0.433333333333 0.05 0.012)
(0.45 0.05 0.012)
(0.466666666667 0.05 0.012)
(0.483333333333 0.05 0.012)
(0.5 0.05 0.012)
(0.516666666667 0.05 0.012)
(0.533333333333 0.05 0.012)
(0.55 0.05 0.012)
(0.566666666667 0.05 0.012)
(0.583333333333 0.05 0.012)
(0.6 0.05 0.012)
(0.616666666667 0.05 0.012)
(0.633333333333 0.05 0.012)
(0.65 0.05 0.012)
(0.666666666667 0.05 0.012)
(0.683333333333 0.05 0.012)
(0.7 0.05 0.012)
(0.716666666667 0.05 0.012)
(0.733333333333 0.05 0.012)
(0.75 0.05 0.012)
(0.766666666667 0.05 0.012)
(0.783333333333 0.05 0.012)
(0.8 0.05 0.012)
(0.816666666667 0.05 0.012)
(0.833333333333 0.05 0.012)
(0.85 0.05 0.012)
(0.866666666667 0.05 0.012)
(0.883333333333 0.05 0.012)
(0.9 0.05 0.012)
(0.916666666667 0.05 0.012)
(0.933333333333 0.05 0.012)
(0.95 0.05 0.012)
(0.966666666667 0.05 0.012)
(0.983333333333 0.05 0.012)
(1 0.05 0.012)
(1.01666666667 0.05 0.012)
(1.03333333333 0.05 0.012)
(1.05 0.05 0.012)
(1.06666666667 0.05 0.012)
(1.08333333333 0.05 0.012)
(1.1 0.05 0.012)
(1.11666666667 0.05 0.012)
(1.13333333333 0.05 0.012)
(1.15 0.05 0.012)
(1.16666666667 0.05 0.012)
(1.18333333333 0.05 0.012)
(1.2 0.05 0.012)
(0 0.055 0.012)
(0.0166666666667 0.055 0.012)
(0.0333333333333 0.055 0.012)
(0.05 0.055 0.012)
(0.0666666666667 0.055 0.012)
(0.0833333333333 0.055 0.012)
(0.1 0.055 0.012)
(0.116666666667 0.055 0.012)
(0.133333333333 0.055 0.012)
(0.15 0.055 0.012)
(0.166666666667 0.055 0.012)
(0.183333333333 0.055 0.012)
(0.2 0.055 0.012)
(0.216666666667 0.055 0.012)
(0.233333333333 0.055 0.012)
(0.25 0.055 0.012)
(0.266666666667 0.055 0.012)
(0.283333333333 0.055 0.012)
(0.3 0.055 0.012)
(0.316666666667 0.055 0.012)
(0.333333333333 0.055 0.012)
(0.35 0.055 0.012)
(0.366666666667 0.055 0.012)
(0.383333333333 0.055 0.012)
(0.4 0.055 0.012)
(0.416666666667 0.055 0.012)
(0.433333333333 0.055 0.012)
(0.45 0.055 0.012)
(0.466666666667 0.055 0.012)
(0.483333333333 0.055 0.012)
(0.5 0.055 0.012)
(0.516666666667 0.055 0.012)
(0.533333333333 0.055 0.012)
(0.55 0.055 0.012)
(0.566666666667 0.055 0.012)
(0.583333333333 0.055 0.012)
(0.6 0.055 0.012)
(0.616666666667 0.055 0.012)
(0.633333333333 0.055 0.012)
(0.65 0.055 0.012)
(0.666666666667 0.055 0.012)
(0.683333333333 0.055 0.012)
(0.7 0.055 0.012)
(0.716666666667 0.055 0.012)
(0.733333333333 0.055 0.012)
(0.75 0.055 0.012)
(0.766666666667 0.055 0.012)
(0.783333333333 0.055 0.012)
(0.8 0.055 0.012)
(0.816666666667 0.055 0.012)
(0.833333333333 0.055 0.012)
(0.85 0.055 0.012)
(0.866666666667 0.055 0.012)
(0.883333333333 0.055 0.012)
(0.9 0.055 0.012)
(0.916666666667 0.055 0.012)
(0.933333333333 0.055 0.012)
(0.95 0.055 0.012)
(0.966666666667 0.055 0.012)
(0.983333333333 0.055 0.012)
(1 0.055 0.012)
(1.01666666667 0.055 0.012)
(1.03333333333 0.055 0.012)
(1.05 0.055 0.012)
(1.06666666667 0.055 0.012)
(1.08333333333 0.055 0.012)
(1.1 0.055 0.012)
(1.11666666667 0.055 0.012)
(1.13333333333 0.055 0.012)
(1.15 0.055 0.012)
(1.16666666667 0.055 0.012)
(1.18333333333 0.055 0.012)
(1.2 0.055 0.012)
(0 0.06 0.012)
(0.0166666666667 0.06 0.012)
(0.0333333333333 0.06 0.012)
(0.05 0.06 0.012)
(0.0666666666667 0.06 0.012)
(0.0833333333333 0.06 0.012)
(0.1 0.06 0.012)
(0.116666666667 0.06 0.012)
(0.133333333333 0.06 0.012)
(0.15 0.06 0.012)
(0.166666666667 0.06 0.012)
(0.183333333333 0.06 0.012)
(0.2 0.06 0.012)
(0.216666666667 0.06 0.012)
(0.233333333333 0.06 0.012)
(0.25 0.06 0.012)
(0.266666666667 0.06 0.012)
(0.283333333333 0.06 0.012)
(0.3 0.06 0.012)
(0.316666666667 0.06 0.012)
(0.333333333333 0.06 0.012)
(0.35 0.06 0.012)
(0.366666666667 0.06 0.012)
(0.383333333333 0.06 0.012)
(0.4 0.06 0.012)
(0.416666666667 0.06 0.012)
(0.433333333333 0.06 0.012)
(0.45 0.06 0.012)
(0.466666666667 0.06 0.012)
(0.483333333333 0.06 0.012)
(0.5 0.06 0.012)
(0.516666666667 0.06 0.012)
(0.533333333333 0.06 0.012)
(0.55 0.06 0.012)
(0.566666666667 0.06 0.012)
(0.583333333333 0.06 0.012)
(0.6 0.06 0.012)
(0.616666666667 0.06 0.012)
(0.633333333333 0.06 0.012)
(0.65 0.06 0.012)
(0.666666666667 0.06 0.012)
(0.683333333333 0.06 0.012)
(0.7 0.06 0.012)
(0.716666666667 0.06 0.012)
(0.733333333333 0.06 0.012)
(0.75 0.06 0.012)
(0.766666666667 0.06 0.012)
(0.783333333333 0.06 0.012)
(0.8 0.06 0.012)
(0.816666666667 0.06 0.012)
(0.833333333333 0.06 0.012)
(0.85 0.06 0.012)
(0.866666666667 0.06 0.012)
(0.883333333333 0.06 0.012)
(0.9 0.06 0.012)
(0.916666666667 0.06 0.012)
(0.933333333333 0.06 0.012)
(0.95 0.06 0.012)
(0.966666666667 0.06 0.012)
(0.983333333333 0.06 0.012)
(1 0.06 0.012)
(1.01666666667 0.06 0.012)
(1.03333333333 0.06 0.012)
(1.05 0.06 0.012)
(1.06666666667 0.06 0.012)
(1.08333333333 0.06 0.012)
(1.1 0.06 0.012)
(1.11666666667 0.06 0.012)
(1.13333333333 0.06 0.012)
(1.15 0.06 0.012)
(1.16666666667 0.06 0.012)
(1.18333333333 0.06 0.012)
(1.2 0.06 0.012)
(0 0.065 0.012)
(0.0166666666667 0.065 0.012)
(0.0333333333333 0.065 0.012)
(0.05 0.065 0.012)
(0.0666666666667 0.065 0.012)
(0.0833333333333 0.065 0.012)
(0.1 0.065 0.012)
(0.116666666667 0.065 0.012)
(0.133333333333 0.065 0.012)
(0.15 0.065 0.012)
(0.166666666667 0.065 0.012)
(0.183333333333 0.065 0.012)
(0.2 0.065 0.012)
(0.216666666667 0.065 0.012)
(0.233333333333 0.065 0.012)
(0.25 0.065 0.012)
(0.266666666667 0.065 0.012)
(0.283333333333 0.065 0.012)
(0.3 0.065 0.012)
(0.316666666667 0.065 0.012)
(0.333333333333 0.065 0.012)
(0.35 0.065 0.012)
(0.366666666667 0.065 0.012)
(0.383333333333 0.065 0.012)
(0.4 0.065 0.012)
(0.416666666667 0.065 0.012)
(0.433333333333 0.065 0.012)
(0.45 0.065 0.012)
(0.466666666667 0.065 0.012)
(0.483333333333 0.065 0.012)
(0.5 0.065 0.012)
(0.516666666667 0.065 0.012)
(0.533333333333 0.065 0.012)
(0.55 0.065 0.012)
(0.566666666667 0.065 0.012)
(0.583333333333 0.065 0.012)
(0.6 0.065 0.012)
(0.616666666667 0.065 0.012)
(0.633333333333 0.065 0.012)
(0.65 0.065 0.012)
(0.666666666667 0.065 0.012)
(0.683333333333 0.065 0.012)
(0.7 0.065 0.012)
(0.716666666667 0.065 0.012)
(0.733333333333 0.065 0.012)
(0.75 0.065 0.012)
(0.766666666667 0.065 0.012)
(0.783333333333 0.065 0.012)
(0.8 0.065 0.012)
(0.816666666667 0.065 0.012)
(0.833333333333 0.065 0.012)
(0.85 0.065 0.012)
(0.866666666667 0.065 0.012)
(0.883333333333 0.065 0.012)
(0.9 0.065 0.012)
(0.916666666667 0.065 0.012)
(0.933333333333 0.065 0.012)
(0.95 0.065 0.012)
(0.966666666667 0.065 0.012)
(0.983333333333 0.065 0.012)
(1 0.065 0.012)
(1.01666666667 0.065 0.012)
(1.03333333333 0.065 0.012)
(1.05 0.065 0.012)
(1.06666666667 0.065 0.012)
(1.08333333333 0.065 0.012)
(1.1 0.065 0.012)
(1.11666666667 0.065 0.012)
(1.13333333333 0.065 0.012)
(1.15 0.065 0.012)
(1.16666666667 0.065 0.012)
(1.18333333333 0.065 0.012)
(1.2 0.065 0.012)
(0 0.07 0.012)
(0.0166666666667 0.07 0.012)
(0.0333333333333 0.07 0.012)
(0.05 0.07 0.012)
(0.0666666666667 0.07 0.012)
(0.0833333333333 0.07 0.012)
(0.1 0.07 0.012)
(0.116666666667 0.07 0.012)
(0.133333333333 0.07 0.012)
(0.15 0.07 0.012)
(0.166666666667 0.07 0.012)
(0.183333333333 0.07 0.012)
(0.2 0.07 0.012)
(0.216666666667 0.07 0.012)
(0.233333333333 0.07 0.012)
(0.25 0.07 0.012)
(0.266666666667 0.07 0.012)
(0.283333333333 0.07 0.012)
(0.3 0.07 0.012)
(0.316666666667 0.07 0.012)
(0.333333333333 0.07 0.012)
(0.35 0.07 0.012)
(0.366666666667 0.07 0.012)
(0.383333333333 0.07 0.012)
(0.4 0.07 0.012)
(0.416666666667 0.07 0.012)
(0.433333333333 0.07 0.012)
(0.45 0.07 0.012)
(0.466666666667 0.07 0.012)
(0.483333333333 0.07 0.012)
(0.5 0.07 0.012)
(0.516666666667 0.07 0.012)
(0.533333333333 0.07 0.012)
(0.55 0.07 0.012)
(0.566666666667 0.07 0.012)
(0.583333333333 0.07 0.012)
(0.6 0.07 0.012)
(0.616666666667 0.07 0.012)
(0.633333333333 0.07 0.012)
(0.65 0.07 0.012)
(0.666666666667 0.07 0.012)
(0.683333333333 0.07 0.012)
(0.7 0.07 0.012)
(0.716666666667 0.07 0.012)
(0.733333333333 0.07 0.012)
(0.75 0.07 0.012)
(0.766666666667 0.07 0.012)
(0.783333333333 0.07 0.012)
(0.8 0.07 0.012)
(0.816666666667 0.07 0.012)
(0.833333333333 0.07 0.012)
(0.85 0.07 0.012)
(0.866666666667 0.07 0.012)
(0.883333333333 0.07 0.012)
(0.9 0.07 0.012)
(0.916666666667 0.07 0.012)
(0.933333333333 0.07 0.012)
(0.95 0.07 0.012)
(0.966666666667 0.07 0.012)
(0.983333333333 0.07 0.012)
(1 0.07 0.012)
(1.01666666667 0.07 0.012)
(1.03333333333 0.07 0.012)
(1.05 0.07 0.012)
(1.06666666667 0.07 0.012)
(1.08333333333 0.07 0.012)
(1.1 0.07 0.012)
(1.11666666667 0.07 0.012)
(1.13333333333 0.07 0.012)
(1.15 0.07 0.012)
(1.16666666667 0.07 0.012)
(1.18333333333 0.07 0.012)
(1.2 0.07 0.012)
(0 0.075 0.012)
(0.0166666666667 0.075 0.012)
(0.0333333333333 0.075 0.012)
(0.05 0.075 0.012)
(0.0666666666667 0.075 0.012)
(0.0833333333333 0.075 0.012)
(0.1 0.075 0.012)
(0.116666666667 0.075 0.012)
(0.133333333333 0.075 0.012)
(0.15 0.075 0.012)
(0.166666666667 0.075 0.012)
(0.183333333333 0.075 0.012)
(0.2 0.075 0.012)
(0.216666666667 0.075 0.012)
(0.233333333333 0.075 0.012)
(0.25 0.075 0.012)
(0.266666666667 0.075 0.012)
(0.283333333333 0.075 0.012)
(0.3 0.075 0.012)
(0.316666666667 0.075 0.012)
(0.333333333333 0.075 0.012)
(0.35 0.075 0.012)
(0.366666666667 0.075 0.012)
(0.383333333333 0.075 0.012)
(0.4 0.075 0.012)
(0.416666666667 0.075 0.012)
(0.433333333333 0.075 0.012)
(0.45 0.075 0.012)
(0.466666666667 0.075 0.012)
(0.483333333333 0.075 0.012)
(0.5 0.075 0.012)
(0.516666666667 0.075 0.012)
(0.533333333333 0.075 0.012)
(0.55 0.075 0.012)
(0.566666666667 0.075 0.012)
(0.583333333333 0.075 0.012)
(0.6 0.075 0.012)
(0.616666666667 0.075 0.012)
(0.633333333333 0.075 0.012)
(0.65 0.075 0.012)
(0.666666666667 0.075 0.012)
(0.683333333333 0.075 0.012)
(0.7 0.075 0.012)
(0.716666666667 0.075 0.012)
(0.733333333333 0.075 0.012)
(0.75 0.075 0.012)
(0.766666666667 0.075 0.012)
(0.783333333333 0.075 0.012)
(0.8 0.075 0.012)
(0.816666666667 0.075 0.012)
(0.833333333333 0.075 0.012)
(0.85 0.075 0.012)
(0.866666666667 0.075 0.012)
(0.883333333333 0.075 0.012)
(0.9 0.075 0.012)
(0.916666666667 0.075 0.012)
(0.933333333333 0.075 0.012)
(0.95 0.075 0.012)
(0.966666666667 0.075 0.012)
(0.983333333333 0.075 0.012)
(1 0.075 0.012)
(1.01666666667 0.075 0.012)
(1.03333333333 0.075 0.012)
(1.05 0.075 0.012)
(1.06666666667 0.075 0.012)
(1.08333333333 0.075 0.012)
(1.1 0.075 0.012)
(1.11666666667 0.075 0.012)
(1.13333333333 0.075 0.012)
(1.15 0.075 0.012)
(1.16666666667 0.075 0.012)
(1.18333333333 0.075 0.012)
(1.2 0.075 0.012)
(0 0.08 0.012)
(0.0166666666667 0.08 0.012)
(0.0333333333333 0.08 0.012)
(0.05 0.08 0.012)
(0.0666666666667 0.08 0.012)
(0.0833333333333 0.08 0.012)
(0.1 0.08 0.012)
(0.116666666667 0.08 0.012)
(0.133333333333 0.08 0.012)
(0.15 0.08 0.012)
(0.166666666667 0.08 0.012)
(0.183333333333 0.08 0.012)
(0.2 0.08 0.012)
(0.216666666667 0.08 0.012)
(0.233333333333 0.08 0.012)
(0.25 0.08 0.012)
(0.266666666667 0.08 0.012)
(0.283333333333 0.08 0.012)
(0.3 0.08 0.012)
(0.316666666667 0.08 0.012)
(0.333333333333 0.08 0.012)
(0.35 0.08 0.012)
(0.366666666667 0.08 0.012)
(0.383333333333 0.08 0.012)
(0.4 0.08 0.012)
(0.416666666667 0.08 0.012)
(0.433333333333 0.08 0.012)
(0.45 0.08 0.012)
(0.466666666667 0.08 0.012)
(0.483333333333 0.08 0.012)
(0.5 0.08 0.012)
(0.516666666667 0.08 0.012)
(0.533333333333 0.08 0.012)
(0.55 0.08 0.012)
(0.566666666667 0.08 0.012)
(0.583333333333 0.08 0.012)
(0.6 0.08 0.012)
(0.616666666667 0.08 0.012)
(0.633333333333 0.08 0.012)
(0.65 0.08 0.012)
(0.666666666667 0.08 0.012)
(0.683333333333 0.08 0.012)
(0.7 0.08 0.012)
(0.716666666667 0.08 0.012)
(0.733333333333 0.08 0.012)
(0.75 0.08 0.012)
(0.766666666667 0.08 0.012)
(0.783333333333 0.08 0.012)
(0.8 0.08 0.012)
(0.816666666667 0.08 0.012)
(0.833333333333 0.08 0.012)
(0.85 0.08 0.012)
(0.866666666667 0.08 0.012)
(0.883333333333 0.08 0.012)
(0.9 0.08 0.012)
(0.916666666667 0.08 0.012)
(0.933333333333 0.08 0.012)
(0.95 0.08 0.012)
(0.966666666667 0.08 0.012)
(0.983333333333 0.08 0.012)
(1 0.08 0.012)
(1.01666666667 0.08 0.012)
(1.03333333333 0.08 0.012)
(1.05 0.08 0.012)
(1.06666666667 0.08 0.012)
(1.08333333333 0.08 0.012)
(1.1 0.08 0.012)
(1.11666666667 0.08 0.012)
(1.13333333333 0.08 0.012)
(1.15 0.08 0.012)
(1.16666666667 0.08 0.012)
(1.18333333333 0.08 0.012)
(1.2 0.08 0.012)
)


// ************************************************************************* //
