/*--------------------------------*- C++ -*----------------------------------*\
| =========                 |                                                 |
| \\      /  F ield         | OpenFOAM: The Open Source CFD Toolbox           |
|  \\    /   O peration     | Version:                                        |
|   \\  /    A nd           | Website:  www.openfoam.com                      |
|    \\/     M anipulation  |                                                 |
\*---------------------------------------------------------------------------*/
FoamFile
{
    version     2.0;
    format      ascii;
    class       vectorField;
    location    "constant/polyMesh";
    object      points;
}
// * * * * * * * * * * * * * * * * * * * * * * * * * * * * * * * * * * * * * //


3402
(
(0 0 0)
(0.0125 0 0)
(0.025 0 0)
(0.0375 0 0)
(0.05 0 0)
(0.0625 0 0)
(0.075 0 0)
(0.0875 0 0)
(0.1 0 0)
(0.1125 0 0)
(0.125 0 0)
(0.1375 0 0)
(0.15 0 0)
(0.1625 0 0)
(0.175 0 0)
(0.1875 0 0)
(0.2 0 0)
(0.2125 0 0)
(0.225 0 0)
(0.2375 0 0)
(0.25 0 0)
(0.2625 0 0)
(0.275 0 0)
(0.2875 0 0)
(0.3 0 0)
(0.3125 0 0)
(0.325 0 0)
(0.3375 0 0)
(0.35 0 0)
(0.3625 0 0)
(0.375 0 0)
(0.3875 0 0)
(0.4 0 0)
(0.4125 0 0)
(0.425 0 0)
(0.4375 0 0)
(0.45 0 0)
(0.4625 0 0)
(0.475 0 0)
(0.4875 0 0)
(0.5 0 0)
(0.5125 0 0)
(0.525 0 0)
(0.5375 0 0)
(0.55 0 0)
(0.5625 0 0)
(0.575 0 0)
(0.5875 0 0)
(0.6 0 0)
(0.6125 0 0)
(0.625 0 0)
(0.6375 0 0)
(0.65 0 0)
(0.6625 0 0)
(0.675 0 0)
(0.6875 0 0)
(0.7 0 0)
(0.7125 0 0)
(0.725 0 0)
(0.7375 0 0)
(0.75 0 0)
(0.7625 0 0)
(0.775 0 0)
(0.7875 0 0)
(0.8 0 0)
(0.8125 0 0)
(0.825 0 0)
(0.8375 0 0)
(0.85 0 0)
(0.8625 0 0)
(0.875 0 0)
(0.8875 0 0)
(0.9 0 0)
(0.9125 0 0)
(0.925 0 0)
(0.9375 0 0)
(0.95 0 0)
(0.9625 0 0)
(0.975 0 0)
(0.9875 0 0)
(1 0 0)
(0 0.005 0)
(0.0125 0.005 0)
(0.025 0.005 0)
(0.0375 0.005 0)
(0.05 0.005 0)
(0.0625 0.005 0)
(0.075 0.005 0)
(0.0875 0.005 0)
(0.1 0.005 0)
(0.1125 0.005 0)
(0.125 0.005 0)
(0.1375 0.005 0)
(0.15 0.005 0)
(0.1625 0.005 0)
(0.175 0.005 0)
(0.1875 0.005 0)
(0.2 0.005 0)
(0.2125 0.005 0)
(0.225 0.005 0)
(0.2375 0.005 0)
(0.25 0.005 0)
(0.2625 0.005 0)
(0.275 0.005 0)
(0.2875 0.005 0)
(0.3 0.005 0)
(0.3125 0.005 0)
(0.325 0.005 0)
(0.3375 0.005 0)
(0.35 0.005 0)
(0.3625 0.005 0)
(0.375 0.005 0)
(0.3875 0.005 0)
(0.4 0.005 0)
(0.4125 0.005 0)
(0.425 0.005 0)
(0.4375 0.005 0)
(0.45 0.005 0)
(0.4625 0.005 0)
(0.475 0.005 0)
(0.4875 0.005 0)
(0.5 0.005 0)
(0.5125 0.005 0)
(0.525 0.005 0)
(0.5375 0.005 0)
(0.55 0.005 0)
(0.5625 0.005 0)
(0.575 0.005 0)
(0.5875 0.005 0)
(0.6 0.005 0)
(0.6125 0.005 0)
(0.625 0.005 0)
(0.6375 0.005 0)
(0.65 0.005 0)
(0.6625 0.005 0)
(0.675 0.005 0)
(0.6875 0.005 0)
(0.7 0.005 0)
(0.7125 0.005 0)
(0.725 0.005 0)
(0.7375 0.005 0)
(0.75 0.005 0)
(0.7625 0.005 0)
(0.775 0.005 0)
(0.7875 0.005 0)
(0.8 0.005 0)
(0.8125 0.005 0)
(0.825 0.005 0)
(0.8375 0.005 0)
(0.85 0.005 0)
(0.8625 0.005 0)
(0.875 0.005 0)
(0.8875 0.005 0)
(0.9 0.005 0)
(0.9125 0.005 0)
(0.925 0.005 0)
(0.9375 0.005 0)
(0.95 0.005 0)
(0.9625 0.005 0)
(0.975 0.005 0)
(0.9875 0.005 0)
(1 0.005 0)
(0 0.01 0)
(0.0125 0.01 0)
(0.025 0.01 0)
(0.0375 0.01 0)
(0.05 0.01 0)
(0.0625 0.01 0)
(0.075 0.01 0)
(0.0875 0.01 0)
(0.1 0.01 0)
(0.1125 0.01 0)
(0.125 0.01 0)
(0.1375 0.01 0)
(0.15 0.01 0)
(0.1625 0.01 0)
(0.175 0.01 0)
(0.1875 0.01 0)
(0.2 0.01 0)
(0.2125 0.01 0)
(0.225 0.01 0)
(0.2375 0.01 0)
(0.25 0.01 0)
(0.2625 0.01 0)
(0.275 0.01 0)
(0.2875 0.01 0)
(0.3 0.01 0)
(0.3125 0.01 0)
(0.325 0.01 0)
(0.3375 0.01 0)
(0.35 0.01 0)
(0.3625 0.01 0)
(0.375 0.01 0)
(0.3875 0.01 0)
(0.4 0.01 0)
(0.4125 0.01 0)
(0.425 0.01 0)
(0.4375 0.01 0)
(0.45 0.01 0)
(0.4625 0.01 0)
(0.475 0.01 0)
(0.4875 0.01 0)
(0.5 0.01 0)
(0.5125 0.01 0)
(0.525 0.01 0)
(0.5375 0.01 0)
(0.55 0.01 0)
(0.5625 0.01 0)
(0.575 0.01 0)
(0.5875 0.01 0)
(0.6 0.01 0)
(0.6125 0.01 0)
(0.625 0.01 0)
(0.6375 0.01 0)
(0.65 0.01 0)
(0.6625 0.01 0)
(0.675 0.01 0)
(0.6875 0.01 0)
(0.7 0.01 0)
(0.7125 0.01 0)
(0.725 0.01 0)
(0.7375 0.01 0)
(0.75 0.01 0)
(0.7625 0.01 0)
(0.775 0.01 0)
(0.7875 0.01 0)
(0.8 0.01 0)
(0.8125 0.01 0)
(0.825 0.01 0)
(0.8375 0.01 0)
(0.85 0.01 0)
(0.8625 0.01 0)
(0.875 0.01 0)
(0.8875 0.01 0)
(0.9 0.01 0)
(0.9125 0.01 0)
(0.925 0.01 0)
(0.9375 0.01 0)
(0.95 0.01 0)
(0.9625 0.01 0)
(0.975 0.01 0)
(0.9875 0.01 0)
(1 0.01 0)
(0 0.015 0)
(0.0125 0.015 0)
(0.025 0.015 0)
(0.0375 0.015 0)
(0.05 0.015 0)
(0.0625 0.015 0)
(0.075 0.015 0)
(0.0875 0.015 0)
(0.1 0.015 0)
(0.1125 0.015 0)
(0.125 0.015 0)
(0.1375 0.015 0)
(0.15 0.015 0)
(0.1625 0.015 0)
(0.175 0.015 0)
(0.1875 0.015 0)
(0.2 0.015 0)
(0.2125 0.015 0)
(0.225 0.015 0)
(0.2375 0.015 0)
(0.25 0.015 0)
(0.2625 0.015 0)
(0.275 0.015 0)
(0.2875 0.015 0)
(0.3 0.015 0)
(0.3125 0.015 0)
(0.325 0.015 0)
(0.3375 0.015 0)
(0.35 0.015 0)
(0.3625 0.015 0)
(0.375 0.015 0)
(0.3875 0.015 0)
(0.4 0.015 0)
(0.4125 0.015 0)
(0.425 0.015 0)
(0.4375 0.015 0)
(0.45 0.015 0)
(0.4625 0.015 0)
(0.475 0.015 0)
(0.4875 0.015 0)
(0.5 0.015 0)
(0.5125 0.015 0)
(0.525 0.015 0)
(0.5375 0.015 0)
(0.55 0.015 0)
(0.5625 0.015 0)
(0.575 0.015 0)
(0.5875 0.015 0)
(0.6 0.015 0)
(0.6125 0.015 0)
(0.625 0.015 0)
(0.6375 0.015 0)
(0.65 0.015 0)
(0.6625 0.015 0)
(0.675 0.015 0)
(0.6875 0.015 0)
(0.7 0.015 0)
(0.7125 0.015 0)
(0.725 0.015 0)
(0.7375 0.015 0)
(0.75 0.015 0)
(0.7625 0.015 0)
(0.775 0.015 0)
(0.7875 0.015 0)
(0.8 0.015 0)
(0.8125 0.015 0)
(0.825 0.015 0)
(0.8375 0.015 0)
(0.85 0.015 0)
(0.8625 0.015 0)
(0.875 0.015 0)
(0.8875 0.015 0)
(0.9 0.015 0)
(0.9125 0.015 0)
(0.925 0.015 0)
(0.9375 0.015 0)
(0.95 0.015 0)
(0.9625 0.015 0)
(0.975 0.015 0)
(0.9875 0.015 0)
(1 0.015 0)
(0 0.02 0)
(0.0125 0.02 0)
(0.025 0.02 0)
(0.0375 0.02 0)
(0.05 0.02 0)
(0.0625 0.02 0)
(0.075 0.02 0)
(0.0875 0.02 0)
(0.1 0.02 0)
(0.1125 0.02 0)
(0.125 0.02 0)
(0.1375 0.02 0)
(0.15 0.02 0)
(0.1625 0.02 0)
(0.175 0.02 0)
(0.1875 0.02 0)
(0.2 0.02 0)
(0.2125 0.02 0)
(0.225 0.02 0)
(0.2375 0.02 0)
(0.25 0.02 0)
(0.2625 0.02 0)
(0.275 0.02 0)
(0.2875 0.02 0)
(0.3 0.02 0)
(0.3125 0.02 0)
(0.325 0.02 0)
(0.3375 0.02 0)
(0.35 0.02 0)
(0.3625 0.02 0)
(0.375 0.02 0)
(0.3875 0.02 0)
(0.4 0.02 0)
(0.4125 0.02 0)
(0.425 0.02 0)
(0.4375 0.02 0)
(0.45 0.02 0)
(0.4625 0.02 0)
(0.475 0.02 0)
(0.4875 0.02 0)
(0.5 0.02 0)
(0.5125 0.02 0)
(0.525 0.02 0)
(0.5375 0.02 0)
(0.55 0.02 0)
(0.5625 0.02 0)
(0.575 0.02 0)
(0.5875 0.02 0)
(0.6 0.02 0)
(0.6125 0.02 0)
(0.625 0.02 0)
(0.6375 0.02 0)
(0.65 0.02 0)
(0.6625 0.02 0)
(0.675 0.02 0)
(0.6875 0.02 0)
(0.7 0.02 0)
(0.7125 0.02 0)
(0.725 0.02 0)
(0.7375 0.02 0)
(0.75 0.02 0)
(0.7625 0.02 0)
(0.775 0.02 0)
(0.7875 0.02 0)
(0.8 0.02 0)
(0.8125 0.02 0)
(0.825 0.02 0)
(0.8375 0.02 0)
(0.85 0.02 0)
(0.8625 0.02 0)
(0.875 0.02 0)
(0.8875 0.02 0)
(0.9 0.02 0)
(0.9125 0.02 0)
(0.925 0.02 0)
(0.9375 0.02 0)
(0.95 0.02 0)
(0.9625 0.02 0)
(0.975 0.02 0)
(0.9875 0.02 0)
(1 0.02 0)
(0 0.025 0)
(0.0125 0.025 0)
(0.025 0.025 0)
(0.0375 0.025 0)
(0.05 0.025 0)
(0.0625 0.025 0)
(0.075 0.025 0)
(0.0875 0.025 0)
(0.1 0.025 0)
(0.1125 0.025 0)
(0.125 0.025 0)
(0.1375 0.025 0)
(0.15 0.025 0)
(0.1625 0.025 0)
(0.175 0.025 0)
(0.1875 0.025 0)
(0.2 0.025 0)
(0.2125 0.025 0)
(0.225 0.025 0)
(0.2375 0.025 0)
(0.25 0.025 0)
(0.2625 0.025 0)
(0.275 0.025 0)
(0.2875 0.025 0)
(0.3 0.025 0)
(0.3125 0.025 0)
(0.325 0.025 0)
(0.3375 0.025 0)
(0.35 0.025 0)
(0.3625 0.025 0)
(0.375 0.025 0)
(0.3875 0.025 0)
(0.4 0.025 0)
(0.4125 0.025 0)
(0.425 0.025 0)
(0.4375 0.025 0)
(0.45 0.025 0)
(0.4625 0.025 0)
(0.475 0.025 0)
(0.4875 0.025 0)
(0.5 0.025 0)
(0.5125 0.025 0)
(0.525 0.025 0)
(0.5375 0.025 0)
(0.55 0.025 0)
(0.5625 0.025 0)
(0.575 0.025 0)
(0.5875 0.025 0)
(0.6 0.025 0)
(0.6125 0.025 0)
(0.625 0.025 0)
(0.6375 0.025 0)
(0.65 0.025 0)
(0.6625 0.025 0)
(0.675 0.025 0)
(0.6875 0.025 0)
(0.7 0.025 0)
(0.7125 0.025 0)
(0.725 0.025 0)
(0.7375 0.025 0)
(0.75 0.025 0)
(0.7625 0.025 0)
(0.775 0.025 0)
(0.7875 0.025 0)
(0.8 0.025 0)
(0.8125 0.025 0)
(0.825 0.025 0)
(0.8375 0.025 0)
(0.85 0.025 0)
(0.8625 0.025 0)
(0.875 0.025 0)
(0.8875 0.025 0)
(0.9 0.025 0)
(0.9125 0.025 0)
(0.925 0.025 0)
(0.9375 0.025 0)
(0.95 0.025 0)
(0.9625 0.025 0)
(0.975 0.025 0)
(0.9875 0.025 0)
(1 0.025 0)
(0 0.03 0)
(0.0125 0.03 0)
(0.025 0.03 0)
(0.0375 0.03 0)
(0.05 0.03 0)
(0.0625 0.03 0)
(0.075 0.03 0)
(0.0875 0.03 0)
(0.1 0.03 0)
(0.1125 0.03 0)
(0.125 0.03 0)
(0.1375 0.03 0)
(0.15 0.03 0)
(0.1625 0.03 0)
(0.175 0.03 0)
(0.1875 0.03 0)
(0.2 0.03 0)
(0.2125 0.03 0)
(0.225 0.03 0)
(0.2375 0.03 0)
(0.25 0.03 0)
(0.2625 0.03 0)
(0.275 0.03 0)
(0.2875 0.03 0)
(0.3 0.03 0)
(0.3125 0.03 0)
(0.325 0.03 0)
(0.3375 0.03 0)
(0.35 0.03 0)
(0.3625 0.03 0)
(0.375 0.03 0)
(0.3875 0.03 0)
(0.4 0.03 0)
(0.4125 0.03 0)
(0.425 0.03 0)
(0.4375 0.03 0)
(0.45 0.03 0)
(0.4625 0.03 0)
(0.475 0.03 0)
(0.4875 0.03 0)
(0.5 0.03 0)
(0.5125 0.03 0)
(0.525 0.03 0)
(0.5375 0.03 0)
(0.55 0.03 0)
(0.5625 0.03 0)
(0.575 0.03 0)
(0.5875 0.03 0)
(0.6 0.03 0)
(0.6125 0.03 0)
(0.625 0.03 0)
(0.6375 0.03 0)
(0.65 0.03 0)
(0.6625 0.03 0)
(0.675 0.03 0)
(0.6875 0.03 0)
(0.7 0.03 0)
(0.7125 0.03 0)
(0.725 0.03 0)
(0.7375 0.03 0)
(0.75 0.03 0)
(0.7625 0.03 0)
(0.775 0.03 0)
(0.7875 0.03 0)
(0.8 0.03 0)
(0.8125 0.03 0)
(0.825 0.03 0)
(0.8375 0.03 0)
(0.85 0.03 0)
(0.8625 0.03 0)
(0.875 0.03 0)
(0.8875 0.03 0)
(0.9 0.03 0)
(0.9125 0.03 0)
(0.925 0.03 0)
(0.9375 0.03 0)
(0.95 0.03 0)
(0.9625 0.03 0)
(0.975 0.03 0)
(0.9875 0.03 0)
(1 0.03 0)
(0 0.035 0)
(0.0125 0.035 0)
(0.025 0.035 0)
(0.0375 0.035 0)
(0.05 0.035 0)
(0.0625 0.035 0)
(0.075 0.035 0)
(0.0875 0.035 0)
(0.1 0.035 0)
(0.1125 0.035 0)
(0.125 0.035 0)
(0.1375 0.035 0)
(0.15 0.035 0)
(0.1625 0.035 0)
(0.175 0.035 0)
(0.1875 0.035 0)
(0.2 0.035 0)
(0.2125 0.035 0)
(0.225 0.035 0)
(0.2375 0.035 0)
(0.25 0.035 0)
(0.2625 0.035 0)
(0.275 0.035 0)
(0.2875 0.035 0)
(0.3 0.035 0)
(0.3125 0.035 0)
(0.325 0.035 0)
(0.3375 0.035 0)
(0.35 0.035 0)
(0.3625 0.035 0)
(0.375 0.035 0)
(0.3875 0.035 0)
(0.4 0.035 0)
(0.4125 0.035 0)
(0.425 0.035 0)
(0.4375 0.035 0)
(0.45 0.035 0)
(0.4625 0.035 0)
(0.475 0.035 0)
(0.4875 0.035 0)
(0.5 0.035 0)
(0.5125 0.035 0)
(0.525 0.035 0)
(0.5375 0.035 0)
(0.55 0.035 0)
(0.5625 0.035 0)
(0.575 0.035 0)
(0.5875 0.035 0)
(0.6 0.035 0)
(0.6125 0.035 0)
(0.625 0.035 0)
(0.6375 0.035 0)
(0.65 0.035 0)
(0.6625 0.035 0)
(0.675 0.035 0)
(0.6875 0.035 0)
(0.7 0.035 0)
(0.7125 0.035 0)
(0.725 0.035 0)
(0.7375 0.035 0)
(0.75 0.035 0)
(0.7625 0.035 0)
(0.775 0.035 0)
(0.7875 0.035 0)
(0.8 0.035 0)
(0.8125 0.035 0)
(0.825 0.035 0)
(0.8375 0.035 0)
(0.85 0.035 0)
(0.8625 0.035 0)
(0.875 0.035 0)
(0.8875 0.035 0)
(0.9 0.035 0)
(0.9125 0.035 0)
(0.925 0.035 0)
(0.9375 0.035 0)
(0.95 0.035 0)
(0.9625 0.035 0)
(0.975 0.035 0)
(0.9875 0.035 0)
(1 0.035 0)
(0 0.04 0)
(0.0125 0.04 0)
(0.025 0.04 0)
(0.0375 0.04 0)
(0.05 0.04 0)
(0.0625 0.04 0)
(0.075 0.04 0)
(0.0875 0.04 0)
(0.1 0.04 0)
(0.1125 0.04 0)
(0.125 0.04 0)
(0.1375 0.04 0)
(0.15 0.04 0)
(0.1625 0.04 0)
(0.175 0.04 0)
(0.1875 0.04 0)
(0.2 0.04 0)
(0.2125 0.04 0)
(0.225 0.04 0)
(0.2375 0.04 0)
(0.25 0.04 0)
(0.2625 0.04 0)
(0.275 0.04 0)
(0.2875 0.04 0)
(0.3 0.04 0)
(0.3125 0.04 0)
(0.325 0.04 0)
(0.3375 0.04 0)
(0.35 0.04 0)
(0.3625 0.04 0)
(0.375 0.04 0)
(0.3875 0.04 0)
(0.4 0.04 0)
(0.4125 0.04 0)
(0.425 0.04 0)
(0.4375 0.04 0)
(0.45 0.04 0)
(0.4625 0.04 0)
(0.475 0.04 0)
(0.4875 0.04 0)
(0.5 0.04 0)
(0.5125 0.04 0)
(0.525 0.04 0)
(0.5375 0.04 0)
(0.55 0.04 0)
(0.5625 0.04 0)
(0.575 0.04 0)
(0.5875 0.04 0)
(0.6 0.04 0)
(0.6125 0.04 0)
(0.625 0.04 0)
(0.6375 0.04 0)
(0.65 0.04 0)
(0.6625 0.04 0)
(0.675 0.04 0)
(0.6875 0.04 0)
(0.7 0.04 0)
(0.7125 0.04 0)
(0.725 0.04 0)
(0.7375 0.04 0)
(0.75 0.04 0)
(0.7625 0.04 0)
(0.775 0.04 0)
(0.7875 0.04 0)
(0.8 0.04 0)
(0.8125 0.04 0)
(0.825 0.04 0)
(0.8375 0.04 0)
(0.85 0.04 0)
(0.8625 0.04 0)
(0.875 0.04 0)
(0.8875 0.04 0)
(0.9 0.04 0)
(0.9125 0.04 0)
(0.925 0.04 0)
(0.9375 0.04 0)
(0.95 0.04 0)
(0.9625 0.04 0)
(0.975 0.04 0)
(0.9875 0.04 0)
(1 0.04 0)
(0 0.045 0)
(0.0125 0.045 0)
(0.025 0.045 0)
(0.0375 0.045 0)
(0.05 0.045 0)
(0.0625 0.045 0)
(0.075 0.045 0)
(0.0875 0.045 0)
(0.1 0.045 0)
(0.1125 0.045 0)
(0.125 0.045 0)
(0.1375 0.045 0)
(0.15 0.045 0)
(0.1625 0.045 0)
(0.175 0.045 0)
(0.1875 0.045 0)
(0.2 0.045 0)
(0.2125 0.045 0)
(0.225 0.045 0)
(0.2375 0.045 0)
(0.25 0.045 0)
(0.2625 0.045 0)
(0.275 0.045 0)
(0.2875 0.045 0)
(0.3 0.045 0)
(0.3125 0.045 0)
(0.325 0.045 0)
(0.3375 0.045 0)
(0.35 0.045 0)
(0.3625 0.045 0)
(0.375 0.045 0)
(0.3875 0.045 0)
(0.4 0.045 0)
(0.4125 0.045 0)
(0.425 0.045 0)
(0.4375 0.045 0)
(0.45 0.045 0)
(0.4625 0.045 0)
(0.475 0.045 0)
(0.4875 0.045 0)
(0.5 0.045 0)
(0.5125 0.045 0)
(0.525 0.045 0)
(0.5375 0.045 0)
(0.55 0.045 0)
(0.5625 0.045 0)
(0.575 0.045 0)
(0.5875 0.045 0)
(0.6 0.045 0)
(0.6125 0.045 0)
(0.625 0.045 0)
(0.6375 0.045 0)
(0.65 0.045 0)
(0.6625 0.045 0)
(0.675 0.045 0)
(0.6875 0.045 0)
(0.7 0.045 0)
(0.7125 0.045 0)
(0.725 0.045 0)
(0.7375 0.045 0)
(0.75 0.045 0)
(0.7625 0.045 0)
(0.775 0.045 0)
(0.7875 0.045 0)
(0.8 0.045 0)
(0.8125 0.045 0)
(0.825 0.045 0)
(0.8375 0.045 0)
(0.85 0.045 0)
(0.8625 0.045 0)
(0.875 0.045 0)
(0.8875 0.045 0)
(0.9 0.045 0)
(0.9125 0.045 0)
(0.925 0.045 0)
(0.9375 0.045 0)
(0.95 0.045 0)
(0.9625 0.045 0)
(0.975 0.045 0)
(0.9875 0.045 0)
(1 0.045 0)
(0 0.05 0)
(0.0125 0.05 0)
(0.025 0.05 0)
(0.0375 0.05 0)
(0.05 0.05 0)
(0.0625 0.05 0)
(0.075 0.05 0)
(0.0875 0.05 0)
(0.1 0.05 0)
(0.1125 0.05 0)
(0.125 0.05 0)
(0.1375 0.05 0)
(0.15 0.05 0)
(0.1625 0.05 0)
(0.175 0.05 0)
(0.1875 0.05 0)
(0.2 0.05 0)
(0.2125 0.05 0)
(0.225 0.05 0)
(0.2375 0.05 0)
(0.25 0.05 0)
(0.2625 0.05 0)
(0.275 0.05 0)
(0.2875 0.05 0)
(0.3 0.05 0)
(0.3125 0.05 0)
(0.325 0.05 0)
(0.3375 0.05 0)
(0.35 0.05 0)
(0.3625 0.05 0)
(0.375 0.05 0)
(0.3875 0.05 0)
(0.4 0.05 0)
(0.4125 0.05 0)
(0.425 0.05 0)
(0.4375 0.05 0)
(0.45 0.05 0)
(0.4625 0.05 0)
(0.475 0.05 0)
(0.4875 0.05 0)
(0.5 0.05 0)
(0.5125 0.05 0)
(0.525 0.05 0)
(0.5375 0.05 0)
(0.55 0.05 0)
(0.5625 0.05 0)
(0.575 0.05 0)
(0.5875 0.05 0)
(0.6 0.05 0)
(0.6125 0.05 0)
(0.625 0.05 0)
(0.6375 0.05 0)
(0.65 0.05 0)
(0.6625 0.05 0)
(0.675 0.05 0)
(0.6875 0.05 0)
(0.7 0.05 0)
(0.7125 0.05 0)
(0.725 0.05 0)
(0.7375 0.05 0)
(0.75 0.05 0)
(0.7625 0.05 0)
(0.775 0.05 0)
(0.7875 0.05 0)
(0.8 0.05 0)
(0.8125 0.05 0)
(0.825 0.05 0)
(0.8375 0.05 0)
(0.85 0.05 0)
(0.8625 0.05 0)
(0.875 0.05 0)
(0.8875 0.05 0)
(0.9 0.05 0)
(0.9125 0.05 0)
(0.925 0.05 0)
(0.9375 0.05 0)
(0.95 0.05 0)
(0.9625 0.05 0)
(0.975 0.05 0)
(0.9875 0.05 0)
(1 0.05 0)
(0 0.055 0)
(0.0125 0.055 0)
(0.025 0.055 0)
(0.0375 0.055 0)
(0.05 0.055 0)
(0.0625 0.055 0)
(0.075 0.055 0)
(0.0875 0.055 0)
(0.1 0.055 0)
(0.1125 0.055 0)
(0.125 0.055 0)
(0.1375 0.055 0)
(0.15 0.055 0)
(0.1625 0.055 0)
(0.175 0.055 0)
(0.1875 0.055 0)
(0.2 0.055 0)
(0.2125 0.055 0)
(0.225 0.055 0)
(0.2375 0.055 0)
(0.25 0.055 0)
(0.2625 0.055 0)
(0.275 0.055 0)
(0.2875 0.055 0)
(0.3 0.055 0)
(0.3125 0.055 0)
(0.325 0.055 0)
(0.3375 0.055 0)
(0.35 0.055 0)
(0.3625 0.055 0)
(0.375 0.055 0)
(0.3875 0.055 0)
(0.4 0.055 0)
(0.4125 0.055 0)
(0.425 0.055 0)
(0.4375 0.055 0)
(0.45 0.055 0)
(0.4625 0.055 0)
(0.475 0.055 0)
(0.4875 0.055 0)
(0.5 0.055 0)
(0.5125 0.055 0)
(0.525 0.055 0)
(0.5375 0.055 0)
(0.55 0.055 0)
(0.5625 0.055 0)
(0.575 0.055 0)
(0.5875 0.055 0)
(0.6 0.055 0)
(0.6125 0.055 0)
(0.625 0.055 0)
(0.6375 0.055 0)
(0.65 0.055 0)
(0.6625 0.055 0)
(0.675 0.055 0)
(0.6875 0.055 0)
(0.7 0.055 0)
(0.7125 0.055 0)
(0.725 0.055 0)
(0.7375 0.055 0)
(0.75 0.055 0)
(0.7625 0.055 0)
(0.775 0.055 0)
(0.7875 0.055 0)
(0.8 0.055 0)
(0.8125 0.055 0)
(0.825 0.055 0)
(0.8375 0.055 0)
(0.85 0.055 0)
(0.8625 0.055 0)
(0.875 0.055 0)
(0.8875 0.055 0)
(0.9 0.055 0)
(0.9125 0.055 0)
(0.925 0.055 0)
(0.9375 0.055 0)
(0.95 0.055 0)
(0.9625 0.055 0)
(0.975 0.055 0)
(0.9875 0.055 0)
(1 0.055 0)
(0 0.06 0)
(0.0125 0.06 0)
(0.025 0.06 0)
(0.0375 0.06 0)
(0.05 0.06 0)
(0.0625 0.06 0)
(0.075 0.06 0)
(0.0875 0.06 0)
(0.1 0.06 0)
(0.1125 0.06 0)
(0.125 0.06 0)
(0.1375 0.06 0)
(0.15 0.06 0)
(0.1625 0.06 0)
(0.175 0.06 0)
(0.1875 0.06 0)
(0.2 0.06 0)
(0.2125 0.06 0)
(0.225 0.06 0)
(0.2375 0.06 0)
(0.25 0.06 0)
(0.2625 0.06 0)
(0.275 0.06 0)
(0.2875 0.06 0)
(0.3 0.06 0)
(0.3125 0.06 0)
(0.325 0.06 0)
(0.3375 0.06 0)
(0.35 0.06 0)
(0.3625 0.06 0)
(0.375 0.06 0)
(0.3875 0.06 0)
(0.4 0.06 0)
(0.4125 0.06 0)
(0.425 0.06 0)
(0.4375 0.06 0)
(0.45 0.06 0)
(0.4625 0.06 0)
(0.475 0.06 0)
(0.4875 0.06 0)
(0.5 0.06 0)
(0.5125 0.06 0)
(0.525 0.06 0)
(0.5375 0.06 0)
(0.55 0.06 0)
(0.5625 0.06 0)
(0.575 0.06 0)
(0.5875 0.06 0)
(0.6 0.06 0)
(0.6125 0.06 0)
(0.625 0.06 0)
(0.6375 0.06 0)
(0.65 0.06 0)
(0.6625 0.06 0)
(0.675 0.06 0)
(0.6875 0.06 0)
(0.7 0.06 0)
(0.7125 0.06 0)
(0.725 0.06 0)
(0.7375 0.06 0)
(0.75 0.06 0)
(0.7625 0.06 0)
(0.775 0.06 0)
(0.7875 0.06 0)
(0.8 0.06 0)
(0.8125 0.06 0)
(0.825 0.06 0)
(0.8375 0.06 0)
(0.85 0.06 0)
(0.8625 0.06 0)
(0.875 0.06 0)
(0.8875 0.06 0)
(0.9 0.06 0)
(0.9125 0.06 0)
(0.925 0.06 0)
(0.9375 0.06 0)
(0.95 0.06 0)
(0.9625 0.06 0)
(0.975 0.06 0)
(0.9875 0.06 0)
(1 0.06 0)
(0 0.065 0)
(0.0125 0.065 0)
(0.025 0.065 0)
(0.0375 0.065 0)
(0.05 0.065 0)
(0.0625 0.065 0)
(0.075 0.065 0)
(0.0875 0.065 0)
(0.1 0.065 0)
(0.1125 0.065 0)
(0.125 0.065 0)
(0.1375 0.065 0)
(0.15 0.065 0)
(0.1625 0.065 0)
(0.175 0.065 0)
(0.1875 0.065 0)
(0.2 0.065 0)
(0.2125 0.065 0)
(0.225 0.065 0)
(0.2375 0.065 0)
(0.25 0.065 0)
(0.2625 0.065 0)
(0.275 0.065 0)
(0.2875 0.065 0)
(0.3 0.065 0)
(0.3125 0.065 0)
(0.325 0.065 0)
(0.3375 0.065 0)
(0.35 0.065 0)
(0.3625 0.065 0)
(0.375 0.065 0)
(0.3875 0.065 0)
(0.4 0.065 0)
(0.4125 0.065 0)
(0.425 0.065 0)
(0.4375 0.065 0)
(0.45 0.065 0)
(0.4625 0.065 0)
(0.475 0.065 0)
(0.4875 0.065 0)
(0.5 0.065 0)
(0.5125 0.065 0)
(0.525 0.065 0)
(0.5375 0.065 0)
(0.55 0.065 0)
(0.5625 0.065 0)
(0.575 0.065 0)
(0.5875 0.065 0)
(0.6 0.065 0)
(0.6125 0.065 0)
(0.625 0.065 0)
(0.6375 0.065 0)
(0.65 0.065 0)
(0.6625 0.065 0)
(0.675 0.065 0)
(0.6875 0.065 0)
(0.7 0.065 0)
(0.7125 0.065 0)
(0.725 0.065 0)
(0.7375 0.065 0)
(0.75 0.065 0)
(0.7625 0.065 0)
(0.775 0.065 0)
(0.7875 0.065 0)
(0.8 0.065 0)
(0.8125 0.065 0)
(0.825 0.065 0)
(0.8375 0.065 0)
(0.85 0.065 0)
(0.8625 0.065 0)
(0.875 0.065 0)
(0.8875 0.065 0)
(0.9 0.065 0)
(0.9125 0.065 0)
(0.925 0.065 0)
(0.9375 0.065 0)
(0.95 0.065 0)
(0.9625 0.065 0)
(0.975 0.065 0)
(0.9875 0.065 0)
(1 0.065 0)
(0 0.07 0)
(0.0125 0.07 0)
(0.025 0.07 0)
(0.0375 0.07 0)
(0.05 0.07 0)
(0.0625 0.07 0)
(0.075 0.07 0)
(0.0875 0.07 0)
(0.1 0.07 0)
(0.1125 0.07 0)
(0.125 0.07 0)
(0.1375 0.07 0)
(0.15 0.07 0)
(0.1625 0.07 0)
(0.175 0.07 0)
(0.1875 0.07 0)
(0.2 0.07 0)
(0.2125 0.07 0)
(0.225 0.07 0)
(0.2375 0.07 0)
(0.25 0.07 0)
(0.2625 0.07 0)
(0.275 0.07 0)
(0.2875 0.07 0)
(0.3 0.07 0)
(0.3125 0.07 0)
(0.325 0.07 0)
(0.3375 0.07 0)
(0.35 0.07 0)
(0.3625 0.07 0)
(0.375 0.07 0)
(0.3875 0.07 0)
(0.4 0.07 0)
(0.4125 0.07 0)
(0.425 0.07 0)
(0.4375 0.07 0)
(0.45 0.07 0)
(0.4625 0.07 0)
(0.475 0.07 0)
(0.4875 0.07 0)
(0.5 0.07 0)
(0.5125 0.07 0)
(0.525 0.07 0)
(0.5375 0.07 0)
(0.55 0.07 0)
(0.5625 0.07 0)
(0.575 0.07 0)
(0.5875 0.07 0)
(0.6 0.07 0)
(0.6125 0.07 0)
(0.625 0.07 0)
(0.6375 0.07 0)
(0.65 0.07 0)
(0.6625 0.07 0)
(0.675 0.07 0)
(0.6875 0.07 0)
(0.7 0.07 0)
(0.7125 0.07 0)
(0.725 0.07 0)
(0.7375 0.07 0)
(0.75 0.07 0)
(0.7625 0.07 0)
(0.775 0.07 0)
(0.7875 0.07 0)
(0.8 0.07 0)
(0.8125 0.07 0)
(0.825 0.07 0)
(0.8375 0.07 0)
(0.85 0.07 0)
(0.8625 0.07 0)
(0.875 0.07 0)
(0.8875 0.07 0)
(0.9 0.07 0)
(0.9125 0.07 0)
(0.925 0.07 0)
(0.9375 0.07 0)
(0.95 0.07 0)
(0.9625 0.07 0)
(0.975 0.07 0)
(0.9875 0.07 0)
(1 0.07 0)
(0 0.075 0)
(0.0125 0.075 0)
(0.025 0.075 0)
(0.0375 0.075 0)
(0.05 0.075 0)
(0.0625 0.075 0)
(0.075 0.075 0)
(0.0875 0.075 0)
(0.1 0.075 0)
(0.1125 0.075 0)
(0.125 0.075 0)
(0.1375 0.075 0)
(0.15 0.075 0)
(0.1625 0.075 0)
(0.175 0.075 0)
(0.1875 0.075 0)
(0.2 0.075 0)
(0.2125 0.075 0)
(0.225 0.075 0)
(0.2375 0.075 0)
(0.25 0.075 0)
(0.2625 0.075 0)
(0.275 0.075 0)
(0.2875 0.075 0)
(0.3 0.075 0)
(0.3125 0.075 0)
(0.325 0.075 0)
(0.3375 0.075 0)
(0.35 0.075 0)
(0.3625 0.075 0)
(0.375 0.075 0)
(0.3875 0.075 0)
(0.4 0.075 0)
(0.4125 0.075 0)
(0.425 0.075 0)
(0.4375 0.075 0)
(0.45 0.075 0)
(0.4625 0.075 0)
(0.475 0.075 0)
(0.4875 0.075 0)
(0.5 0.075 0)
(0.5125 0.075 0)
(0.525 0.075 0)
(0.5375 0.075 0)
(0.55 0.075 0)
(0.5625 0.075 0)
(0.575 0.075 0)
(0.5875 0.075 0)
(0.6 0.075 0)
(0.6125 0.075 0)
(0.625 0.075 0)
(0.6375 0.075 0)
(0.65 0.075 0)
(0.6625 0.075 0)
(0.675 0.075 0)
(0.6875 0.075 0)
(0.7 0.075 0)
(0.7125 0.075 0)
(0.725 0.075 0)
(0.7375 0.075 0)
(0.75 0.075 0)
(0.7625 0.075 0)
(0.775 0.075 0)
(0.7875 0.075 0)
(0.8 0.075 0)
(0.8125 0.075 0)
(0.825 0.075 0)
(0.8375 0.075 0)
(0.85 0.075 0)
(0.8625 0.075 0)
(0.875 0.075 0)
(0.8875 0.075 0)
(0.9 0.075 0)
(0.9125 0.075 0)
(0.925 0.075 0)
(0.9375 0.075 0)
(0.95 0.075 0)
(0.9625 0.075 0)
(0.975 0.075 0)
(0.9875 0.075 0)
(1 0.075 0)
(0 0.08 0)
(0.0125 0.08 0)
(0.025 0.08 0)
(0.0375 0.08 0)
(0.05 0.08 0)
(0.0625 0.08 0)
(0.075 0.08 0)
(0.0875 0.08 0)
(0.1 0.08 0)
(0.1125 0.08 0)
(0.125 0.08 0)
(0.1375 0.08 0)
(0.15 0.08 0)
(0.1625 0.08 0)
(0.175 0.08 0)
(0.1875 0.08 0)
(0.2 0.08 0)
(0.2125 0.08 0)
(0.225 0.08 0)
(0.2375 0.08 0)
(0.25 0.08 0)
(0.2625 0.08 0)
(0.275 0.08 0)
(0.2875 0.08 0)
(0.3 0.08 0)
(0.3125 0.08 0)
(0.325 0.08 0)
(0.3375 0.08 0)
(0.35 0.08 0)
(0.3625 0.08 0)
(0.375 0.08 0)
(0.3875 0.08 0)
(0.4 0.08 0)
(0.4125 0.08 0)
(0.425 0.08 0)
(0.4375 0.08 0)
(0.45 0.08 0)
(0.4625 0.08 0)
(0.475 0.08 0)
(0.4875 0.08 0)
(0.5 0.08 0)
(0.5125 0.08 0)
(0.525 0.08 0)
(0.5375 0.08 0)
(0.55 0.08 0)
(0.5625 0.08 0)
(0.575 0.08 0)
(0.5875 0.08 0)
(0.6 0.08 0)
(0.6125 0.08 0)
(0.625 0.08 0)
(0.6375 0.08 0)
(0.65 0.08 0)
(0.6625 0.08 0)
(0.675 0.08 0)
(0.6875 0.08 0)
(0.7 0.08 0)
(0.7125 0.08 0)
(0.725 0.08 0)
(0.7375 0.08 0)
(0.75 0.08 0)
(0.7625 0.08 0)
(0.775 0.08 0)
(0.7875 0.08 0)
(0.8 0.08 0)
(0.8125 0.08 0)
(0.825 0.08 0)
(0.8375 0.08 0)
(0.85 0.08 0)
(0.8625 0.08 0)
(0.875 0.08 0)
(0.8875 0.08 0)
(0.9 0.08 0)
(0.9125 0.08 0)
(0.925 0.08 0)
(0.9375 0.08 0)
(0.95 0.08 0)
(0.9625 0.08 0)
(0.975 0.08 0)
(0.9875 0.08 0)
(1 0.08 0)
(0 0.085 0)
(0.0125 0.085 0)
(0.025 0.085 0)
(0.0375 0.085 0)
(0.05 0.085 0)
(0.0625 0.085 0)
(0.075 0.085 0)
(0.0875 0.085 0)
(0.1 0.085 0)
(0.1125 0.085 0)
(0.125 0.085 0)
(0.1375 0.085 0)
(0.15 0.085 0)
(0.1625 0.085 0)
(0.175 0.085 0)
(0.1875 0.085 0)
(0.2 0.085 0)
(0.2125 0.085 0)
(0.225 0.085 0)
(0.2375 0.085 0)
(0.25 0.085 0)
(0.2625 0.085 0)
(0.275 0.085 0)
(0.2875 0.085 0)
(0.3 0.085 0)
(0.3125 0.085 0)
(0.325 0.085 0)
(0.3375 0.085 0)
(0.35 0.085 0)
(0.3625 0.085 0)
(0.375 0.085 0)
(0.3875 0.085 0)
(0.4 0.085 0)
(0.4125 0.085 0)
(0.425 0.085 0)
(0.4375 0.085 0)
(0.45 0.085 0)
(0.4625 0.085 0)
(0.475 0.085 0)
(0.4875 0.085 0)
(0.5 0.085 0)
(0.5125 0.085 0)
(0.525 0.085 0)
(0.5375 0.085 0)
(0.55 0.085 0)
(0.5625 0.085 0)
(0.575 0.085 0)
(0.5875 0.085 0)
(0.6 0.085 0)
(0.6125 0.085 0)
(0.625 0.085 0)
(0.6375 0.085 0)
(0.65 0.085 0)
(0.6625 0.085 0)
(0.675 0.085 0)
(0.6875 0.085 0)
(0.7 0.085 0)
(0.7125 0.085 0)
(0.725 0.085 0)
(0.7375 0.085 0)
(0.75 0.085 0)
(0.7625 0.085 0)
(0.775 0.085 0)
(0.7875 0.085 0)
(0.8 0.085 0)
(0.8125 0.085 0)
(0.825 0.085 0)
(0.8375 0.085 0)
(0.85 0.085 0)
(0.8625 0.085 0)
(0.875 0.085 0)
(0.8875 0.085 0)
(0.9 0.085 0)
(0.9125 0.085 0)
(0.925 0.085 0)
(0.9375 0.085 0)
(0.95 0.085 0)
(0.9625 0.085 0)
(0.975 0.085 0)
(0.9875 0.085 0)
(1 0.085 0)
(0 0.09 0)
(0.0125 0.09 0)
(0.025 0.09 0)
(0.0375 0.09 0)
(0.05 0.09 0)
(0.0625 0.09 0)
(0.075 0.09 0)
(0.0875 0.09 0)
(0.1 0.09 0)
(0.1125 0.09 0)
(0.125 0.09 0)
(0.1375 0.09 0)
(0.15 0.09 0)
(0.1625 0.09 0)
(0.175 0.09 0)
(0.1875 0.09 0)
(0.2 0.09 0)
(0.2125 0.09 0)
(0.225 0.09 0)
(0.2375 0.09 0)
(0.25 0.09 0)
(0.2625 0.09 0)
(0.275 0.09 0)
(0.2875 0.09 0)
(0.3 0.09 0)
(0.3125 0.09 0)
(0.325 0.09 0)
(0.3375 0.09 0)
(0.35 0.09 0)
(0.3625 0.09 0)
(0.375 0.09 0)
(0.3875 0.09 0)
(0.4 0.09 0)
(0.4125 0.09 0)
(0.425 0.09 0)
(0.4375 0.09 0)
(0.45 0.09 0)
(0.4625 0.09 0)
(0.475 0.09 0)
(0.4875 0.09 0)
(0.5 0.09 0)
(0.5125 0.09 0)
(0.525 0.09 0)
(0.5375 0.09 0)
(0.55 0.09 0)
(0.5625 0.09 0)
(0.575 0.09 0)
(0.5875 0.09 0)
(0.6 0.09 0)
(0.6125 0.09 0)
(0.625 0.09 0)
(0.6375 0.09 0)
(0.65 0.09 0)
(0.6625 0.09 0)
(0.675 0.09 0)
(0.6875 0.09 0)
(0.7 0.09 0)
(0.7125 0.09 0)
(0.725 0.09 0)
(0.7375 0.09 0)
(0.75 0.09 0)
(0.7625 0.09 0)
(0.775 0.09 0)
(0.7875 0.09 0)
(0.8 0.09 0)
(0.8125 0.09 0)
(0.825 0.09 0)
(0.8375 0.09 0)
(0.85 0.09 0)
(0.8625 0.09 0)
(0.875 0.09 0)
(0.8875 0.09 0)
(0.9 0.09 0)
(0.9125 0.09 0)
(0.925 0.09 0)
(0.9375 0.09 0)
(0.95 0.09 0)
(0.9625 0.09 0)
(0.975 0.09 0)
(0.9875 0.09 0)
(1 0.09 0)
(0 0.095 0)
(0.0125 0.095 0)
(0.025 0.095 0)
(0.0375 0.095 0)
(0.05 0.095 0)
(0.0625 0.095 0)
(0.075 0.095 0)
(0.0875 0.095 0)
(0.1 0.095 0)
(0.1125 0.095 0)
(0.125 0.095 0)
(0.1375 0.095 0)
(0.15 0.095 0)
(0.1625 0.095 0)
(0.175 0.095 0)
(0.1875 0.095 0)
(0.2 0.095 0)
(0.2125 0.095 0)
(0.225 0.095 0)
(0.2375 0.095 0)
(0.25 0.095 0)
(0.2625 0.095 0)
(0.275 0.095 0)
(0.2875 0.095 0)
(0.3 0.095 0)
(0.3125 0.095 0)
(0.325 0.095 0)
(0.3375 0.095 0)
(0.35 0.095 0)
(0.3625 0.095 0)
(0.375 0.095 0)
(0.3875 0.095 0)
(0.4 0.095 0)
(0.4125 0.095 0)
(0.425 0.095 0)
(0.4375 0.095 0)
(0.45 0.095 0)
(0.4625 0.095 0)
(0.475 0.095 0)
(0.4875 0.095 0)
(0.5 0.095 0)
(0.5125 0.095 0)
(0.525 0.095 0)
(0.5375 0.095 0)
(0.55 0.095 0)
(0.5625 0.095 0)
(0.575 0.095 0)
(0.5875 0.095 0)
(0.6 0.095 0)
(0.6125 0.095 0)
(0.625 0.095 0)
(0.6375 0.095 0)
(0.65 0.095 0)
(0.6625 0.095 0)
(0.675 0.095 0)
(0.6875 0.095 0)
(0.7 0.095 0)
(0.7125 0.095 0)
(0.725 0.095 0)
(0.7375 0.095 0)
(0.75 0.095 0)
(0.7625 0.095 0)
(0.775 0.095 0)
(0.7875 0.095 0)
(0.8 0.095 0)
(0.8125 0.095 0)
(0.825 0.095 0)
(0.8375 0.095 0)
(0.85 0.095 0)
(0.8625 0.095 0)
(0.875 0.095 0)
(0.8875 0.095 0)
(0.9 0.095 0)
(0.9125 0.095 0)
(0.925 0.095 0)
(0.9375 0.095 0)
(0.95 0.095 0)
(0.9625 0.095 0)
(0.975 0.095 0)
(0.9875 0.095 0)
(1 0.095 0)
(0 0.1 0)
(0.0125 0.1 0)
(0.025 0.1 0)
(0.0375 0.1 0)
(0.05 0.1 0)
(0.0625 0.1 0)
(0.075 0.1 0)
(0.0875 0.1 0)
(0.1 0.1 0)
(0.1125 0.1 0)
(0.125 0.1 0)
(0.1375 0.1 0)
(0.15 0.1 0)
(0.1625 0.1 0)
(0.175 0.1 0)
(0.1875 0.1 0)
(0.2 0.1 0)
(0.2125 0.1 0)
(0.225 0.1 0)
(0.2375 0.1 0)
(0.25 0.1 0)
(0.2625 0.1 0)
(0.275 0.1 0)
(0.2875 0.1 0)
(0.3 0.1 0)
(0.3125 0.1 0)
(0.325 0.1 0)
(0.3375 0.1 0)
(0.35 0.1 0)
(0.3625 0.1 0)
(0.375 0.1 0)
(0.3875 0.1 0)
(0.4 0.1 0)
(0.4125 0.1 0)
(0.425 0.1 0)
(0.4375 0.1 0)
(0.45 0.1 0)
(0.4625 0.1 0)
(0.475 0.1 0)
(0.4875 0.1 0)
(0.5 0.1 0)
(0.5125 0.1 0)
(0.525 0.1 0)
(0.5375 0.1 0)
(0.55 0.1 0)
(0.5625 0.1 0)
(0.575 0.1 0)
(0.5875 0.1 0)
(0.6 0.1 0)
(0.6125 0.1 0)
(0.625 0.1 0)
(0.6375 0.1 0)
(0.65 0.1 0)
(0.6625 0.1 0)
(0.675 0.1 0)
(0.6875 0.1 0)
(0.7 0.1 0)
(0.7125 0.1 0)
(0.725 0.1 0)
(0.7375 0.1 0)
(0.75 0.1 0)
(0.7625 0.1 0)
(0.775 0.1 0)
(0.7875 0.1 0)
(0.8 0.1 0)
(0.8125 0.1 0)
(0.825 0.1 0)
(0.8375 0.1 0)
(0.85 0.1 0)
(0.8625 0.1 0)
(0.875 0.1 0)
(0.8875 0.1 0)
(0.9 0.1 0)
(0.9125 0.1 0)
(0.925 0.1 0)
(0.9375 0.1 0)
(0.95 0.1 0)
(0.9625 0.1 0)
(0.975 0.1 0)
(0.9875 0.1 0)
(1 0.1 0)
(0 0 0.01)
(0.0125 0 0.01)
(0.025 0 0.01)
(0.0375 0 0.01)
(0.05 0 0.01)
(0.0625 0 0.01)
(0.075 0 0.01)
(0.0875 0 0.01)
(0.1 0 0.01)
(0.1125 0 0.01)
(0.125 0 0.01)
(0.1375 0 0.01)
(0.15 0 0.01)
(0.1625 0 0.01)
(0.175 0 0.01)
(0.1875 0 0.01)
(0.2 0 0.01)
(0.2125 0 0.01)
(0.225 0 0.01)
(0.2375 0 0.01)
(0.25 0 0.01)
(0.2625 0 0.01)
(0.275 0 0.01)
(0.2875 0 0.01)
(0.3 0 0.01)
(0.3125 0 0.01)
(0.325 0 0.01)
(0.3375 0 0.01)
(0.35 0 0.01)
(0.3625 0 0.01)
(0.375 0 0.01)
(0.3875 0 0.01)
(0.4 0 0.01)
(0.4125 0 0.01)
(0.425 0 0.01)
(0.4375 0 0.01)
(0.45 0 0.01)
(0.4625 0 0.01)
(0.475 0 0.01)
(0.4875 0 0.01)
(0.5 0 0.01)
(0.5125 0 0.01)
(0.525 0 0.01)
(0.5375 0 0.01)
(0.55 0 0.01)
(0.5625 0 0.01)
(0.575 0 0.01)
(0.5875 0 0.01)
(0.6 0 0.01)
(0.6125 0 0.01)
(0.625 0 0.01)
(0.6375 0 0.01)
(0.65 0 0.01)
(0.6625 0 0.01)
(0.675 0 0.01)
(0.6875 0 0.01)
(0.7 0 0.01)
(0.7125 0 0.01)
(0.725 0 0.01)
(0.7375 0 0.01)
(0.75 0 0.01)
(0.7625 0 0.01)
(0.775 0 0.01)
(0.7875 0 0.01)
(0.8 0 0.01)
(0.8125 0 0.01)
(0.825 0 0.01)
(0.8375 0 0.01)
(0.85 0 0.01)
(0.8625 0 0.01)
(0.875 0 0.01)
(0.8875 0 0.01)
(0.9 0 0.01)
(0.9125 0 0.01)
(0.925 0 0.01)
(0.9375 0 0.01)
(0.95 0 0.01)
(0.9625 0 0.01)
(0.975 0 0.01)
(0.9875 0 0.01)
(1 0 0.01)
(0 0.005 0.01)
(0.0125 0.005 0.01)
(0.025 0.005 0.01)
(0.0375 0.005 0.01)
(0.05 0.005 0.01)
(0.0625 0.005 0.01)
(0.075 0.005 0.01)
(0.0875 0.005 0.01)
(0.1 0.005 0.01)
(0.1125 0.005 0.01)
(0.125 0.005 0.01)
(0.1375 0.005 0.01)
(0.15 0.005 0.01)
(0.1625 0.005 0.01)
(0.175 0.005 0.01)
(0.1875 0.005 0.01)
(0.2 0.005 0.01)
(0.2125 0.005 0.01)
(0.225 0.005 0.01)
(0.2375 0.005 0.01)
(0.25 0.005 0.01)
(0.2625 0.005 0.01)
(0.275 0.005 0.01)
(0.2875 0.005 0.01)
(0.3 0.005 0.01)
(0.3125 0.005 0.01)
(0.325 0.005 0.01)
(0.3375 0.005 0.01)
(0.35 0.005 0.01)
(0.3625 0.005 0.01)
(0.375 0.005 0.01)
(0.3875 0.005 0.01)
(0.4 0.005 0.01)
(0.4125 0.005 0.01)
(0.425 0.005 0.01)
(0.4375 0.005 0.01)
(0.45 0.005 0.01)
(0.4625 0.005 0.01)
(0.475 0.005 0.01)
(0.4875 0.005 0.01)
(0.5 0.005 0.01)
(0.5125 0.005 0.01)
(0.525 0.005 0.01)
(0.5375 0.005 0.01)
(0.55 0.005 0.01)
(0.5625 0.005 0.01)
(0.575 0.005 0.01)
(0.5875 0.005 0.01)
(0.6 0.005 0.01)
(0.6125 0.005 0.01)
(0.625 0.005 0.01)
(0.6375 0.005 0.01)
(0.65 0.005 0.01)
(0.6625 0.005 0.01)
(0.675 0.005 0.01)
(0.6875 0.005 0.01)
(0.7 0.005 0.01)
(0.7125 0.005 0.01)
(0.725 0.005 0.01)
(0.7375 0.005 0.01)
(0.75 0.005 0.01)
(0.7625 0.005 0.01)
(0.775 0.005 0.01)
(0.7875 0.005 0.01)
(0.8 0.005 0.01)
(0.8125 0.005 0.01)
(0.825 0.005 0.01)
(0.8375 0.005 0.01)
(0.85 0.005 0.01)
(0.8625 0.005 0.01)
(0.875 0.005 0.01)
(0.8875 0.005 0.01)
(0.9 0.005 0.01)
(0.9125 0.005 0.01)
(0.925 0.005 0.01)
(0.9375 0.005 0.01)
(0.95 0.005 0.01)
(0.9625 0.005 0.01)
(0.975 0.005 0.01)
(0.9875 0.005 0.01)
(1 0.005 0.01)
(0 0.01 0.01)
(0.0125 0.01 0.01)
(0.025 0.01 0.01)
(0.0375 0.01 0.01)
(0.05 0.01 0.01)
(0.0625 0.01 0.01)
(0.075 0.01 0.01)
(0.0875 0.01 0.01)
(0.1 0.01 0.01)
(0.1125 0.01 0.01)
(0.125 0.01 0.01)
(0.1375 0.01 0.01)
(0.15 0.01 0.01)
(0.1625 0.01 0.01)
(0.175 0.01 0.01)
(0.1875 0.01 0.01)
(0.2 0.01 0.01)
(0.2125 0.01 0.01)
(0.225 0.01 0.01)
(0.2375 0.01 0.01)
(0.25 0.01 0.01)
(0.2625 0.01 0.01)
(0.275 0.01 0.01)
(0.2875 0.01 0.01)
(0.3 0.01 0.01)
(0.3125 0.01 0.01)
(0.325 0.01 0.01)
(0.3375 0.01 0.01)
(0.35 0.01 0.01)
(0.3625 0.01 0.01)
(0.375 0.01 0.01)
(0.3875 0.01 0.01)
(0.4 0.01 0.01)
(0.4125 0.01 0.01)
(0.425 0.01 0.01)
(0.4375 0.01 0.01)
(0.45 0.01 0.01)
(0.4625 0.01 0.01)
(0.475 0.01 0.01)
(0.4875 0.01 0.01)
(0.5 0.01 0.01)
(0.5125 0.01 0.01)
(0.525 0.01 0.01)
(0.5375 0.01 0.01)
(0.55 0.01 0.01)
(0.5625 0.01 0.01)
(0.575 0.01 0.01)
(0.5875 0.01 0.01)
(0.6 0.01 0.01)
(0.6125 0.01 0.01)
(0.625 0.01 0.01)
(0.6375 0.01 0.01)
(0.65 0.01 0.01)
(0.6625 0.01 0.01)
(0.675 0.01 0.01)
(0.6875 0.01 0.01)
(0.7 0.01 0.01)
(0.7125 0.01 0.01)
(0.725 0.01 0.01)
(0.7375 0.01 0.01)
(0.75 0.01 0.01)
(0.7625 0.01 0.01)
(0.775 0.01 0.01)
(0.7875 0.01 0.01)
(0.8 0.01 0.01)
(0.8125 0.01 0.01)
(0.825 0.01 0.01)
(0.8375 0.01 0.01)
(0.85 0.01 0.01)
(0.8625 0.01 0.01)
(0.875 0.01 0.01)
(0.8875 0.01 0.01)
(0.9 0.01 0.01)
(0.9125 0.01 0.01)
(0.925 0.01 0.01)
(0.9375 0.01 0.01)
(0.95 0.01 0.01)
(0.9625 0.01 0.01)
(0.975 0.01 0.01)
(0.9875 0.01 0.01)
(1 0.01 0.01)
(0 0.015 0.01)
(0.0125 0.015 0.01)
(0.025 0.015 0.01)
(0.0375 0.015 0.01)
(0.05 0.015 0.01)
(0.0625 0.015 0.01)
(0.075 0.015 0.01)
(0.0875 0.015 0.01)
(0.1 0.015 0.01)
(0.1125 0.015 0.01)
(0.125 0.015 0.01)
(0.1375 0.015 0.01)
(0.15 0.015 0.01)
(0.1625 0.015 0.01)
(0.175 0.015 0.01)
(0.1875 0.015 0.01)
(0.2 0.015 0.01)
(0.2125 0.015 0.01)
(0.225 0.015 0.01)
(0.2375 0.015 0.01)
(0.25 0.015 0.01)
(0.2625 0.015 0.01)
(0.275 0.015 0.01)
(0.2875 0.015 0.01)
(0.3 0.015 0.01)
(0.3125 0.015 0.01)
(0.325 0.015 0.01)
(0.3375 0.015 0.01)
(0.35 0.015 0.01)
(0.3625 0.015 0.01)
(0.375 0.015 0.01)
(0.3875 0.015 0.01)
(0.4 0.015 0.01)
(0.4125 0.015 0.01)
(0.425 0.015 0.01)
(0.4375 0.015 0.01)
(0.45 0.015 0.01)
(0.4625 0.015 0.01)
(0.475 0.015 0.01)
(0.4875 0.015 0.01)
(0.5 0.015 0.01)
(0.5125 0.015 0.01)
(0.525 0.015 0.01)
(0.5375 0.015 0.01)
(0.55 0.015 0.01)
(0.5625 0.015 0.01)
(0.575 0.015 0.01)
(0.5875 0.015 0.01)
(0.6 0.015 0.01)
(0.6125 0.015 0.01)
(0.625 0.015 0.01)
(0.6375 0.015 0.01)
(0.65 0.015 0.01)
(0.6625 0.015 0.01)
(0.675 0.015 0.01)
(0.6875 0.015 0.01)
(0.7 0.015 0.01)
(0.7125 0.015 0.01)
(0.725 0.015 0.01)
(0.7375 0.015 0.01)
(0.75 0.015 0.01)
(0.7625 0.015 0.01)
(0.775 0.015 0.01)
(0.7875 0.015 0.01)
(0.8 0.015 0.01)
(0.8125 0.015 0.01)
(0.825 0.015 0.01)
(0.8375 0.015 0.01)
(0.85 0.015 0.01)
(0.8625 0.015 0.01)
(0.875 0.015 0.01)
(0.8875 0.015 0.01)
(0.9 0.015 0.01)
(0.9125 0.015 0.01)
(0.925 0.015 0.01)
(0.9375 0.015 0.01)
(0.95 0.015 0.01)
(0.9625 0.015 0.01)
(0.975 0.015 0.01)
(0.9875 0.015 0.01)
(1 0.015 0.01)
(0 0.02 0.01)
(0.0125 0.02 0.01)
(0.025 0.02 0.01)
(0.0375 0.02 0.01)
(0.05 0.02 0.01)
(0.0625 0.02 0.01)
(0.075 0.02 0.01)
(0.0875 0.02 0.01)
(0.1 0.02 0.01)
(0.1125 0.02 0.01)
(0.125 0.02 0.01)
(0.1375 0.02 0.01)
(0.15 0.02 0.01)
(0.1625 0.02 0.01)
(0.175 0.02 0.01)
(0.1875 0.02 0.01)
(0.2 0.02 0.01)
(0.2125 0.02 0.01)
(0.225 0.02 0.01)
(0.2375 0.02 0.01)
(0.25 0.02 0.01)
(0.2625 0.02 0.01)
(0.275 0.02 0.01)
(0.2875 0.02 0.01)
(0.3 0.02 0.01)
(0.3125 0.02 0.01)
(0.325 0.02 0.01)
(0.3375 0.02 0.01)
(0.35 0.02 0.01)
(0.3625 0.02 0.01)
(0.375 0.02 0.01)
(0.3875 0.02 0.01)
(0.4 0.02 0.01)
(0.4125 0.02 0.01)
(0.425 0.02 0.01)
(0.4375 0.02 0.01)
(0.45 0.02 0.01)
(0.4625 0.02 0.01)
(0.475 0.02 0.01)
(0.4875 0.02 0.01)
(0.5 0.02 0.01)
(0.5125 0.02 0.01)
(0.525 0.02 0.01)
(0.5375 0.02 0.01)
(0.55 0.02 0.01)
(0.5625 0.02 0.01)
(0.575 0.02 0.01)
(0.5875 0.02 0.01)
(0.6 0.02 0.01)
(0.6125 0.02 0.01)
(0.625 0.02 0.01)
(0.6375 0.02 0.01)
(0.65 0.02 0.01)
(0.6625 0.02 0.01)
(0.675 0.02 0.01)
(0.6875 0.02 0.01)
(0.7 0.02 0.01)
(0.7125 0.02 0.01)
(0.725 0.02 0.01)
(0.7375 0.02 0.01)
(0.75 0.02 0.01)
(0.7625 0.02 0.01)
(0.775 0.02 0.01)
(0.7875 0.02 0.01)
(0.8 0.02 0.01)
(0.8125 0.02 0.01)
(0.825 0.02 0.01)
(0.8375 0.02 0.01)
(0.85 0.02 0.01)
(0.8625 0.02 0.01)
(0.875 0.02 0.01)
(0.8875 0.02 0.01)
(0.9 0.02 0.01)
(0.9125 0.02 0.01)
(0.925 0.02 0.01)
(0.9375 0.02 0.01)
(0.95 0.02 0.01)
(0.9625 0.02 0.01)
(0.975 0.02 0.01)
(0.9875 0.02 0.01)
(1 0.02 0.01)
(0 0.025 0.01)
(0.0125 0.025 0.01)
(0.025 0.025 0.01)
(0.0375 0.025 0.01)
(0.05 0.025 0.01)
(0.0625 0.025 0.01)
(0.075 0.025 0.01)
(0.0875 0.025 0.01)
(0.1 0.025 0.01)
(0.1125 0.025 0.01)
(0.125 0.025 0.01)
(0.1375 0.025 0.01)
(0.15 0.025 0.01)
(0.1625 0.025 0.01)
(0.175 0.025 0.01)
(0.1875 0.025 0.01)
(0.2 0.025 0.01)
(0.2125 0.025 0.01)
(0.225 0.025 0.01)
(0.2375 0.025 0.01)
(0.25 0.025 0.01)
(0.2625 0.025 0.01)
(0.275 0.025 0.01)
(0.2875 0.025 0.01)
(0.3 0.025 0.01)
(0.3125 0.025 0.01)
(0.325 0.025 0.01)
(0.3375 0.025 0.01)
(0.35 0.025 0.01)
(0.3625 0.025 0.01)
(0.375 0.025 0.01)
(0.3875 0.025 0.01)
(0.4 0.025 0.01)
(0.4125 0.025 0.01)
(0.425 0.025 0.01)
(0.4375 0.025 0.01)
(0.45 0.025 0.01)
(0.4625 0.025 0.01)
(0.475 0.025 0.01)
(0.4875 0.025 0.01)
(0.5 0.025 0.01)
(0.5125 0.025 0.01)
(0.525 0.025 0.01)
(0.5375 0.025 0.01)
(0.55 0.025 0.01)
(0.5625 0.025 0.01)
(0.575 0.025 0.01)
(0.5875 0.025 0.01)
(0.6 0.025 0.01)
(0.6125 0.025 0.01)
(0.625 0.025 0.01)
(0.6375 0.025 0.01)
(0.65 0.025 0.01)
(0.6625 0.025 0.01)
(0.675 0.025 0.01)
(0.6875 0.025 0.01)
(0.7 0.025 0.01)
(0.7125 0.025 0.01)
(0.725 0.025 0.01)
(0.7375 0.025 0.01)
(0.75 0.025 0.01)
(0.7625 0.025 0.01)
(0.775 0.025 0.01)
(0.7875 0.025 0.01)
(0.8 0.025 0.01)
(0.8125 0.025 0.01)
(0.825 0.025 0.01)
(0.8375 0.025 0.01)
(0.85 0.025 0.01)
(0.8625 0.025 0.01)
(0.875 0.025 0.01)
(0.8875 0.025 0.01)
(0.9 0.025 0.01)
(0.9125 0.025 0.01)
(0.925 0.025 0.01)
(0.9375 0.025 0.01)
(0.95 0.025 0.01)
(0.9625 0.025 0.01)
(0.975 0.025 0.01)
(0.9875 0.025 0.01)
(1 0.025 0.01)
(0 0.03 0.01)
(0.0125 0.03 0.01)
(0.025 0.03 0.01)
(0.0375 0.03 0.01)
(0.05 0.03 0.01)
(0.0625 0.03 0.01)
(0.075 0.03 0.01)
(0.0875 0.03 0.01)
(0.1 0.03 0.01)
(0.1125 0.03 0.01)
(0.125 0.03 0.01)
(0.1375 0.03 0.01)
(0.15 0.03 0.01)
(0.1625 0.03 0.01)
(0.175 0.03 0.01)
(0.1875 0.03 0.01)
(0.2 0.03 0.01)
(0.2125 0.03 0.01)
(0.225 0.03 0.01)
(0.2375 0.03 0.01)
(0.25 0.03 0.01)
(0.2625 0.03 0.01)
(0.275 0.03 0.01)
(0.2875 0.03 0.01)
(0.3 0.03 0.01)
(0.3125 0.03 0.01)
(0.325 0.03 0.01)
(0.3375 0.03 0.01)
(0.35 0.03 0.01)
(0.3625 0.03 0.01)
(0.375 0.03 0.01)
(0.3875 0.03 0.01)
(0.4 0.03 0.01)
(0.4125 0.03 0.01)
(0.425 0.03 0.01)
(0.4375 0.03 0.01)
(0.45 0.03 0.01)
(0.4625 0.03 0.01)
(0.475 0.03 0.01)
(0.4875 0.03 0.01)
(0.5 0.03 0.01)
(0.5125 0.03 0.01)
(0.525 0.03 0.01)
(0.5375 0.03 0.01)
(0.55 0.03 0.01)
(0.5625 0.03 0.01)
(0.575 0.03 0.01)
(0.5875 0.03 0.01)
(0.6 0.03 0.01)
(0.6125 0.03 0.01)
(0.625 0.03 0.01)
(0.6375 0.03 0.01)
(0.65 0.03 0.01)
(0.6625 0.03 0.01)
(0.675 0.03 0.01)
(0.6875 0.03 0.01)
(0.7 0.03 0.01)
(0.7125 0.03 0.01)
(0.725 0.03 0.01)
(0.7375 0.03 0.01)
(0.75 0.03 0.01)
(0.7625 0.03 0.01)
(0.775 0.03 0.01)
(0.7875 0.03 0.01)
(0.8 0.03 0.01)
(0.8125 0.03 0.01)
(0.825 0.03 0.01)
(0.8375 0.03 0.01)
(0.85 0.03 0.01)
(0.8625 0.03 0.01)
(0.875 0.03 0.01)
(0.8875 0.03 0.01)
(0.9 0.03 0.01)
(0.9125 0.03 0.01)
(0.925 0.03 0.01)
(0.9375 0.03 0.01)
(0.95 0.03 0.01)
(0.9625 0.03 0.01)
(0.975 0.03 0.01)
(0.9875 0.03 0.01)
(1 0.03 0.01)
(0 0.035 0.01)
(0.0125 0.035 0.01)
(0.025 0.035 0.01)
(0.0375 0.035 0.01)
(0.05 0.035 0.01)
(0.0625 0.035 0.01)
(0.075 0.035 0.01)
(0.0875 0.035 0.01)
(0.1 0.035 0.01)
(0.1125 0.035 0.01)
(0.125 0.035 0.01)
(0.1375 0.035 0.01)
(0.15 0.035 0.01)
(0.1625 0.035 0.01)
(0.175 0.035 0.01)
(0.1875 0.035 0.01)
(0.2 0.035 0.01)
(0.2125 0.035 0.01)
(0.225 0.035 0.01)
(0.2375 0.035 0.01)
(0.25 0.035 0.01)
(0.2625 0.035 0.01)
(0.275 0.035 0.01)
(0.2875 0.035 0.01)
(0.3 0.035 0.01)
(0.3125 0.035 0.01)
(0.325 0.035 0.01)
(0.3375 0.035 0.01)
(0.35 0.035 0.01)
(0.3625 0.035 0.01)
(0.375 0.035 0.01)
(0.3875 0.035 0.01)
(0.4 0.035 0.01)
(0.4125 0.035 0.01)
(0.425 0.035 0.01)
(0.4375 0.035 0.01)
(0.45 0.035 0.01)
(0.4625 0.035 0.01)
(0.475 0.035 0.01)
(0.4875 0.035 0.01)
(0.5 0.035 0.01)
(0.5125 0.035 0.01)
(0.525 0.035 0.01)
(0.5375 0.035 0.01)
(0.55 0.035 0.01)
(0.5625 0.035 0.01)
(0.575 0.035 0.01)
(0.5875 0.035 0.01)
(0.6 0.035 0.01)
(0.6125 0.035 0.01)
(0.625 0.035 0.01)
(0.6375 0.035 0.01)
(0.65 0.035 0.01)
(0.6625 0.035 0.01)
(0.675 0.035 0.01)
(0.6875 0.035 0.01)
(0.7 0.035 0.01)
(0.7125 0.035 0.01)
(0.725 0.035 0.01)
(0.7375 0.035 0.01)
(0.75 0.035 0.01)
(0.7625 0.035 0.01)
(0.775 0.035 0.01)
(0.7875 0.035 0.01)
(0.8 0.035 0.01)
(0.8125 0.035 0.01)
(0.825 0.035 0.01)
(0.8375 0.035 0.01)
(0.85 0.035 0.01)
(0.8625 0.035 0.01)
(0.875 0.035 0.01)
(0.8875 0.035 0.01)
(0.9 0.035 0.01)
(0.9125 0.035 0.01)
(0.925 0.035 0.01)
(0.9375 0.035 0.01)
(0.95 0.035 0.01)
(0.9625 0.035 0.01)
(0.975 0.035 0.01)
(0.9875 0.035 0.01)
(1 0.035 0.01)
(0 0.04 0.01)
(0.0125 0.04 0.01)
(0.025 0.04 0.01)
(0.0375 0.04 0.01)
(0.05 0.04 0.01)
(0.0625 0.04 0.01)
(0.075 0.04 0.01)
(0.0875 0.04 0.01)
(0.1 0.04 0.01)
(0.1125 0.04 0.01)
(0.125 0.04 0.01)
(0.1375 0.04 0.01)
(0.15 0.04 0.01)
(0.1625 0.04 0.01)
(0.175 0.04 0.01)
(0.1875 0.04 0.01)
(0.2 0.04 0.01)
(0.2125 0.04 0.01)
(0.225 0.04 0.01)
(0.2375 0.04 0.01)
(0.25 0.04 0.01)
(0.2625 0.04 0.01)
(0.275 0.04 0.01)
(0.2875 0.04 0.01)
(0.3 0.04 0.01)
(0.3125 0.04 0.01)
(0.325 0.04 0.01)
(0.3375 0.04 0.01)
(0.35 0.04 0.01)
(0.3625 0.04 0.01)
(0.375 0.04 0.01)
(0.3875 0.04 0.01)
(0.4 0.04 0.01)
(0.4125 0.04 0.01)
(0.425 0.04 0.01)
(0.4375 0.04 0.01)
(0.45 0.04 0.01)
(0.4625 0.04 0.01)
(0.475 0.04 0.01)
(0.4875 0.04 0.01)
(0.5 0.04 0.01)
(0.5125 0.04 0.01)
(0.525 0.04 0.01)
(0.5375 0.04 0.01)
(0.55 0.04 0.01)
(0.5625 0.04 0.01)
(0.575 0.04 0.01)
(0.5875 0.04 0.01)
(0.6 0.04 0.01)
(0.6125 0.04 0.01)
(0.625 0.04 0.01)
(0.6375 0.04 0.01)
(0.65 0.04 0.01)
(0.6625 0.04 0.01)
(0.675 0.04 0.01)
(0.6875 0.04 0.01)
(0.7 0.04 0.01)
(0.7125 0.04 0.01)
(0.725 0.04 0.01)
(0.7375 0.04 0.01)
(0.75 0.04 0.01)
(0.7625 0.04 0.01)
(0.775 0.04 0.01)
(0.7875 0.04 0.01)
(0.8 0.04 0.01)
(0.8125 0.04 0.01)
(0.825 0.04 0.01)
(0.8375 0.04 0.01)
(0.85 0.04 0.01)
(0.8625 0.04 0.01)
(0.875 0.04 0.01)
(0.8875 0.04 0.01)
(0.9 0.04 0.01)
(0.9125 0.04 0.01)
(0.925 0.04 0.01)
(0.9375 0.04 0.01)
(0.95 0.04 0.01)
(0.9625 0.04 0.01)
(0.975 0.04 0.01)
(0.9875 0.04 0.01)
(1 0.04 0.01)
(0 0.045 0.01)
(0.0125 0.045 0.01)
(0.025 0.045 0.01)
(0.0375 0.045 0.01)
(0.05 0.045 0.01)
(0.0625 0.045 0.01)
(0.075 0.045 0.01)
(0.0875 0.045 0.01)
(0.1 0.045 0.01)
(0.1125 0.045 0.01)
(0.125 0.045 0.01)
(0.1375 0.045 0.01)
(0.15 0.045 0.01)
(0.1625 0.045 0.01)
(0.175 0.045 0.01)
(0.1875 0.045 0.01)
(0.2 0.045 0.01)
(0.2125 0.045 0.01)
(0.225 0.045 0.01)
(0.2375 0.045 0.01)
(0.25 0.045 0.01)
(0.2625 0.045 0.01)
(0.275 0.045 0.01)
(0.2875 0.045 0.01)
(0.3 0.045 0.01)
(0.3125 0.045 0.01)
(0.325 0.045 0.01)
(0.3375 0.045 0.01)
(0.35 0.045 0.01)
(0.3625 0.045 0.01)
(0.375 0.045 0.01)
(0.3875 0.045 0.01)
(0.4 0.045 0.01)
(0.4125 0.045 0.01)
(0.425 0.045 0.01)
(0.4375 0.045 0.01)
(0.45 0.045 0.01)
(0.4625 0.045 0.01)
(0.475 0.045 0.01)
(0.4875 0.045 0.01)
(0.5 0.045 0.01)
(0.5125 0.045 0.01)
(0.525 0.045 0.01)
(0.5375 0.045 0.01)
(0.55 0.045 0.01)
(0.5625 0.045 0.01)
(0.575 0.045 0.01)
(0.5875 0.045 0.01)
(0.6 0.045 0.01)
(0.6125 0.045 0.01)
(0.625 0.045 0.01)
(0.6375 0.045 0.01)
(0.65 0.045 0.01)
(0.6625 0.045 0.01)
(0.675 0.045 0.01)
(0.6875 0.045 0.01)
(0.7 0.045 0.01)
(0.7125 0.045 0.01)
(0.725 0.045 0.01)
(0.7375 0.045 0.01)
(0.75 0.045 0.01)
(0.7625 0.045 0.01)
(0.775 0.045 0.01)
(0.7875 0.045 0.01)
(0.8 0.045 0.01)
(0.8125 0.045 0.01)
(0.825 0.045 0.01)
(0.8375 0.045 0.01)
(0.85 0.045 0.01)
(0.8625 0.045 0.01)
(0.875 0.045 0.01)
(0.8875 0.045 0.01)
(0.9 0.045 0.01)
(0.9125 0.045 0.01)
(0.925 0.045 0.01)
(0.9375 0.045 0.01)
(0.95 0.045 0.01)
(0.9625 0.045 0.01)
(0.975 0.045 0.01)
(0.9875 0.045 0.01)
(1 0.045 0.01)
(0 0.05 0.01)
(0.0125 0.05 0.01)
(0.025 0.05 0.01)
(0.0375 0.05 0.01)
(0.05 0.05 0.01)
(0.0625 0.05 0.01)
(0.075 0.05 0.01)
(0.0875 0.05 0.01)
(0.1 0.05 0.01)
(0.1125 0.05 0.01)
(0.125 0.05 0.01)
(0.1375 0.05 0.01)
(0.15 0.05 0.01)
(0.1625 0.05 0.01)
(0.175 0.05 0.01)
(0.1875 0.05 0.01)
(0.2 0.05 0.01)
(0.2125 0.05 0.01)
(0.225 0.05 0.01)
(0.2375 0.05 0.01)
(0.25 0.05 0.01)
(0.2625 0.05 0.01)
(0.275 0.05 0.01)
(0.2875 0.05 0.01)
(0.3 0.05 0.01)
(0.3125 0.05 0.01)
(0.325 0.05 0.01)
(0.3375 0.05 0.01)
(0.35 0.05 0.01)
(0.3625 0.05 0.01)
(0.375 0.05 0.01)
(0.3875 0.05 0.01)
(0.4 0.05 0.01)
(0.4125 0.05 0.01)
(0.425 0.05 0.01)
(0.4375 0.05 0.01)
(0.45 0.05 0.01)
(0.4625 0.05 0.01)
(0.475 0.05 0.01)
(0.4875 0.05 0.01)
(0.5 0.05 0.01)
(0.5125 0.05 0.01)
(0.525 0.05 0.01)
(0.5375 0.05 0.01)
(0.55 0.05 0.01)
(0.5625 0.05 0.01)
(0.575 0.05 0.01)
(0.5875 0.05 0.01)
(0.6 0.05 0.01)
(0.6125 0.05 0.01)
(0.625 0.05 0.01)
(0.6375 0.05 0.01)
(0.65 0.05 0.01)
(0.6625 0.05 0.01)
(0.675 0.05 0.01)
(0.6875 0.05 0.01)
(0.7 0.05 0.01)
(0.7125 0.05 0.01)
(0.725 0.05 0.01)
(0.7375 0.05 0.01)
(0.75 0.05 0.01)
(0.7625 0.05 0.01)
(0.775 0.05 0.01)
(0.7875 0.05 0.01)
(0.8 0.05 0.01)
(0.8125 0.05 0.01)
(0.825 0.05 0.01)
(0.8375 0.05 0.01)
(0.85 0.05 0.01)
(0.8625 0.05 0.01)
(0.875 0.05 0.01)
(0.8875 0.05 0.01)
(0.9 0.05 0.01)
(0.9125 0.05 0.01)
(0.925 0.05 0.01)
(0.9375 0.05 0.01)
(0.95 0.05 0.01)
(0.9625 0.05 0.01)
(0.975 0.05 0.01)
(0.9875 0.05 0.01)
(1 0.05 0.01)
(0 0.055 0.01)
(0.0125 0.055 0.01)
(0.025 0.055 0.01)
(0.0375 0.055 0.01)
(0.05 0.055 0.01)
(0.0625 0.055 0.01)
(0.075 0.055 0.01)
(0.0875 0.055 0.01)
(0.1 0.055 0.01)
(0.1125 0.055 0.01)
(0.125 0.055 0.01)
(0.1375 0.055 0.01)
(0.15 0.055 0.01)
(0.1625 0.055 0.01)
(0.175 0.055 0.01)
(0.1875 0.055 0.01)
(0.2 0.055 0.01)
(0.2125 0.055 0.01)
(0.225 0.055 0.01)
(0.2375 0.055 0.01)
(0.25 0.055 0.01)
(0.2625 0.055 0.01)
(0.275 0.055 0.01)
(0.2875 0.055 0.01)
(0.3 0.055 0.01)
(0.3125 0.055 0.01)
(0.325 0.055 0.01)
(0.3375 0.055 0.01)
(0.35 0.055 0.01)
(0.3625 0.055 0.01)
(0.375 0.055 0.01)
(0.3875 0.055 0.01)
(0.4 0.055 0.01)
(0.4125 0.055 0.01)
(0.425 0.055 0.01)
(0.4375 0.055 0.01)
(0.45 0.055 0.01)
(0.4625 0.055 0.01)
(0.475 0.055 0.01)
(0.4875 0.055 0.01)
(0.5 0.055 0.01)
(0.5125 0.055 0.01)
(0.525 0.055 0.01)
(0.5375 0.055 0.01)
(0.55 0.055 0.01)
(0.5625 0.055 0.01)
(0.575 0.055 0.01)
(0.5875 0.055 0.01)
(0.6 0.055 0.01)
(0.6125 0.055 0.01)
(0.625 0.055 0.01)
(0.6375 0.055 0.01)
(0.65 0.055 0.01)
(0.6625 0.055 0.01)
(0.675 0.055 0.01)
(0.6875 0.055 0.01)
(0.7 0.055 0.01)
(0.7125 0.055 0.01)
(0.725 0.055 0.01)
(0.7375 0.055 0.01)
(0.75 0.055 0.01)
(0.7625 0.055 0.01)
(0.775 0.055 0.01)
(0.7875 0.055 0.01)
(0.8 0.055 0.01)
(0.8125 0.055 0.01)
(0.825 0.055 0.01)
(0.8375 0.055 0.01)
(0.85 0.055 0.01)
(0.8625 0.055 0.01)
(0.875 0.055 0.01)
(0.8875 0.055 0.01)
(0.9 0.055 0.01)
(0.9125 0.055 0.01)
(0.925 0.055 0.01)
(0.9375 0.055 0.01)
(0.95 0.055 0.01)
(0.9625 0.055 0.01)
(0.975 0.055 0.01)
(0.9875 0.055 0.01)
(1 0.055 0.01)
(0 0.06 0.01)
(0.0125 0.06 0.01)
(0.025 0.06 0.01)
(0.0375 0.06 0.01)
(0.05 0.06 0.01)
(0.0625 0.06 0.01)
(0.075 0.06 0.01)
(0.0875 0.06 0.01)
(0.1 0.06 0.01)
(0.1125 0.06 0.01)
(0.125 0.06 0.01)
(0.1375 0.06 0.01)
(0.15 0.06 0.01)
(0.1625 0.06 0.01)
(0.175 0.06 0.01)
(0.1875 0.06 0.01)
(0.2 0.06 0.01)
(0.2125 0.06 0.01)
(0.225 0.06 0.01)
(0.2375 0.06 0.01)
(0.25 0.06 0.01)
(0.2625 0.06 0.01)
(0.275 0.06 0.01)
(0.2875 0.06 0.01)
(0.3 0.06 0.01)
(0.3125 0.06 0.01)
(0.325 0.06 0.01)
(0.3375 0.06 0.01)
(0.35 0.06 0.01)
(0.3625 0.06 0.01)
(0.375 0.06 0.01)
(0.3875 0.06 0.01)
(0.4 0.06 0.01)
(0.4125 0.06 0.01)
(0.425 0.06 0.01)
(0.4375 0.06 0.01)
(0.45 0.06 0.01)
(0.4625 0.06 0.01)
(0.475 0.06 0.01)
(0.4875 0.06 0.01)
(0.5 0.06 0.01)
(0.5125 0.06 0.01)
(0.525 0.06 0.01)
(0.5375 0.06 0.01)
(0.55 0.06 0.01)
(0.5625 0.06 0.01)
(0.575 0.06 0.01)
(0.5875 0.06 0.01)
(0.6 0.06 0.01)
(0.6125 0.06 0.01)
(0.625 0.06 0.01)
(0.6375 0.06 0.01)
(0.65 0.06 0.01)
(0.6625 0.06 0.01)
(0.675 0.06 0.01)
(0.6875 0.06 0.01)
(0.7 0.06 0.01)
(0.7125 0.06 0.01)
(0.725 0.06 0.01)
(0.7375 0.06 0.01)
(0.75 0.06 0.01)
(0.7625 0.06 0.01)
(0.775 0.06 0.01)
(0.7875 0.06 0.01)
(0.8 0.06 0.01)
(0.8125 0.06 0.01)
(0.825 0.06 0.01)
(0.8375 0.06 0.01)
(0.85 0.06 0.01)
(0.8625 0.06 0.01)
(0.875 0.06 0.01)
(0.8875 0.06 0.01)
(0.9 0.06 0.01)
(0.9125 0.06 0.01)
(0.925 0.06 0.01)
(0.9375 0.06 0.01)
(0.95 0.06 0.01)
(0.9625 0.06 0.01)
(0.975 0.06 0.01)
(0.9875 0.06 0.01)
(1 0.06 0.01)
(0 0.065 0.01)
(0.0125 0.065 0.01)
(0.025 0.065 0.01)
(0.0375 0.065 0.01)
(0.05 0.065 0.01)
(0.0625 0.065 0.01)
(0.075 0.065 0.01)
(0.0875 0.065 0.01)
(0.1 0.065 0.01)
(0.1125 0.065 0.01)
(0.125 0.065 0.01)
(0.1375 0.065 0.01)
(0.15 0.065 0.01)
(0.1625 0.065 0.01)
(0.175 0.065 0.01)
(0.1875 0.065 0.01)
(0.2 0.065 0.01)
(0.2125 0.065 0.01)
(0.225 0.065 0.01)
(0.2375 0.065 0.01)
(0.25 0.065 0.01)
(0.2625 0.065 0.01)
(0.275 0.065 0.01)
(0.2875 0.065 0.01)
(0.3 0.065 0.01)
(0.3125 0.065 0.01)
(0.325 0.065 0.01)
(0.3375 0.065 0.01)
(0.35 0.065 0.01)
(0.3625 0.065 0.01)
(0.375 0.065 0.01)
(0.3875 0.065 0.01)
(0.4 0.065 0.01)
(0.4125 0.065 0.01)
(0.425 0.065 0.01)
(0.4375 0.065 0.01)
(0.45 0.065 0.01)
(0.4625 0.065 0.01)
(0.475 0.065 0.01)
(0.4875 0.065 0.01)
(0.5 0.065 0.01)
(0.5125 0.065 0.01)
(0.525 0.065 0.01)
(0.5375 0.065 0.01)
(0.55 0.065 0.01)
(0.5625 0.065 0.01)
(0.575 0.065 0.01)
(0.5875 0.065 0.01)
(0.6 0.065 0.01)
(0.6125 0.065 0.01)
(0.625 0.065 0.01)
(0.6375 0.065 0.01)
(0.65 0.065 0.01)
(0.6625 0.065 0.01)
(0.675 0.065 0.01)
(0.6875 0.065 0.01)
(0.7 0.065 0.01)
(0.7125 0.065 0.01)
(0.725 0.065 0.01)
(0.7375 0.065 0.01)
(0.75 0.065 0.01)
(0.7625 0.065 0.01)
(0.775 0.065 0.01)
(0.7875 0.065 0.01)
(0.8 0.065 0.01)
(0.8125 0.065 0.01)
(0.825 0.065 0.01)
(0.8375 0.065 0.01)
(0.85 0.065 0.01)
(0.8625 0.065 0.01)
(0.875 0.065 0.01)
(0.8875 0.065 0.01)
(0.9 0.065 0.01)
(0.9125 0.065 0.01)
(0.925 0.065 0.01)
(0.9375 0.065 0.01)
(0.95 0.065 0.01)
(0.9625 0.065 0.01)
(0.975 0.065 0.01)
(0.9875 0.065 0.01)
(1 0.065 0.01)
(0 0.07 0.01)
(0.0125 0.07 0.01)
(0.025 0.07 0.01)
(0.0375 0.07 0.01)
(0.05 0.07 0.01)
(0.0625 0.07 0.01)
(0.075 0.07 0.01)
(0.0875 0.07 0.01)
(0.1 0.07 0.01)
(0.1125 0.07 0.01)
(0.125 0.07 0.01)
(0.1375 0.07 0.01)
(0.15 0.07 0.01)
(0.1625 0.07 0.01)
(0.175 0.07 0.01)
(0.1875 0.07 0.01)
(0.2 0.07 0.01)
(0.2125 0.07 0.01)
(0.225 0.07 0.01)
(0.2375 0.07 0.01)
(0.25 0.07 0.01)
(0.2625 0.07 0.01)
(0.275 0.07 0.01)
(0.2875 0.07 0.01)
(0.3 0.07 0.01)
(0.3125 0.07 0.01)
(0.325 0.07 0.01)
(0.3375 0.07 0.01)
(0.35 0.07 0.01)
(0.3625 0.07 0.01)
(0.375 0.07 0.01)
(0.3875 0.07 0.01)
(0.4 0.07 0.01)
(0.4125 0.07 0.01)
(0.425 0.07 0.01)
(0.4375 0.07 0.01)
(0.45 0.07 0.01)
(0.4625 0.07 0.01)
(0.475 0.07 0.01)
(0.4875 0.07 0.01)
(0.5 0.07 0.01)
(0.5125 0.07 0.01)
(0.525 0.07 0.01)
(0.5375 0.07 0.01)
(0.55 0.07 0.01)
(0.5625 0.07 0.01)
(0.575 0.07 0.01)
(0.5875 0.07 0.01)
(0.6 0.07 0.01)
(0.6125 0.07 0.01)
(0.625 0.07 0.01)
(0.6375 0.07 0.01)
(0.65 0.07 0.01)
(0.6625 0.07 0.01)
(0.675 0.07 0.01)
(0.6875 0.07 0.01)
(0.7 0.07 0.01)
(0.7125 0.07 0.01)
(0.725 0.07 0.01)
(0.7375 0.07 0.01)
(0.75 0.07 0.01)
(0.7625 0.07 0.01)
(0.775 0.07 0.01)
(0.7875 0.07 0.01)
(0.8 0.07 0.01)
(0.8125 0.07 0.01)
(0.825 0.07 0.01)
(0.8375 0.07 0.01)
(0.85 0.07 0.01)
(0.8625 0.07 0.01)
(0.875 0.07 0.01)
(0.8875 0.07 0.01)
(0.9 0.07 0.01)
(0.9125 0.07 0.01)
(0.925 0.07 0.01)
(0.9375 0.07 0.01)
(0.95 0.07 0.01)
(0.9625 0.07 0.01)
(0.975 0.07 0.01)
(0.9875 0.07 0.01)
(1 0.07 0.01)
(0 0.075 0.01)
(0.0125 0.075 0.01)
(0.025 0.075 0.01)
(0.0375 0.075 0.01)
(0.05 0.075 0.01)
(0.0625 0.075 0.01)
(0.075 0.075 0.01)
(0.0875 0.075 0.01)
(0.1 0.075 0.01)
(0.1125 0.075 0.01)
(0.125 0.075 0.01)
(0.1375 0.075 0.01)
(0.15 0.075 0.01)
(0.1625 0.075 0.01)
(0.175 0.075 0.01)
(0.1875 0.075 0.01)
(0.2 0.075 0.01)
(0.2125 0.075 0.01)
(0.225 0.075 0.01)
(0.2375 0.075 0.01)
(0.25 0.075 0.01)
(0.2625 0.075 0.01)
(0.275 0.075 0.01)
(0.2875 0.075 0.01)
(0.3 0.075 0.01)
(0.3125 0.075 0.01)
(0.325 0.075 0.01)
(0.3375 0.075 0.01)
(0.35 0.075 0.01)
(0.3625 0.075 0.01)
(0.375 0.075 0.01)
(0.3875 0.075 0.01)
(0.4 0.075 0.01)
(0.4125 0.075 0.01)
(0.425 0.075 0.01)
(0.4375 0.075 0.01)
(0.45 0.075 0.01)
(0.4625 0.075 0.01)
(0.475 0.075 0.01)
(0.4875 0.075 0.01)
(0.5 0.075 0.01)
(0.5125 0.075 0.01)
(0.525 0.075 0.01)
(0.5375 0.075 0.01)
(0.55 0.075 0.01)
(0.5625 0.075 0.01)
(0.575 0.075 0.01)
(0.5875 0.075 0.01)
(0.6 0.075 0.01)
(0.6125 0.075 0.01)
(0.625 0.075 0.01)
(0.6375 0.075 0.01)
(0.65 0.075 0.01)
(0.6625 0.075 0.01)
(0.675 0.075 0.01)
(0.6875 0.075 0.01)
(0.7 0.075 0.01)
(0.7125 0.075 0.01)
(0.725 0.075 0.01)
(0.7375 0.075 0.01)
(0.75 0.075 0.01)
(0.7625 0.075 0.01)
(0.775 0.075 0.01)
(0.7875 0.075 0.01)
(0.8 0.075 0.01)
(0.8125 0.075 0.01)
(0.825 0.075 0.01)
(0.8375 0.075 0.01)
(0.85 0.075 0.01)
(0.8625 0.075 0.01)
(0.875 0.075 0.01)
(0.8875 0.075 0.01)
(0.9 0.075 0.01)
(0.9125 0.075 0.01)
(0.925 0.075 0.01)
(0.9375 0.075 0.01)
(0.95 0.075 0.01)
(0.9625 0.075 0.01)
(0.975 0.075 0.01)
(0.9875 0.075 0.01)
(1 0.075 0.01)
(0 0.08 0.01)
(0.0125 0.08 0.01)
(0.025 0.08 0.01)
(0.0375 0.08 0.01)
(0.05 0.08 0.01)
(0.0625 0.08 0.01)
(0.075 0.08 0.01)
(0.0875 0.08 0.01)
(0.1 0.08 0.01)
(0.1125 0.08 0.01)
(0.125 0.08 0.01)
(0.1375 0.08 0.01)
(0.15 0.08 0.01)
(0.1625 0.08 0.01)
(0.175 0.08 0.01)
(0.1875 0.08 0.01)
(0.2 0.08 0.01)
(0.2125 0.08 0.01)
(0.225 0.08 0.01)
(0.2375 0.08 0.01)
(0.25 0.08 0.01)
(0.2625 0.08 0.01)
(0.275 0.08 0.01)
(0.2875 0.08 0.01)
(0.3 0.08 0.01)
(0.3125 0.08 0.01)
(0.325 0.08 0.01)
(0.3375 0.08 0.01)
(0.35 0.08 0.01)
(0.3625 0.08 0.01)
(0.375 0.08 0.01)
(0.3875 0.08 0.01)
(0.4 0.08 0.01)
(0.4125 0.08 0.01)
(0.425 0.08 0.01)
(0.4375 0.08 0.01)
(0.45 0.08 0.01)
(0.4625 0.08 0.01)
(0.475 0.08 0.01)
(0.4875 0.08 0.01)
(0.5 0.08 0.01)
(0.5125 0.08 0.01)
(0.525 0.08 0.01)
(0.5375 0.08 0.01)
(0.55 0.08 0.01)
(0.5625 0.08 0.01)
(0.575 0.08 0.01)
(0.5875 0.08 0.01)
(0.6 0.08 0.01)
(0.6125 0.08 0.01)
(0.625 0.08 0.01)
(0.6375 0.08 0.01)
(0.65 0.08 0.01)
(0.6625 0.08 0.01)
(0.675 0.08 0.01)
(0.6875 0.08 0.01)
(0.7 0.08 0.01)
(0.7125 0.08 0.01)
(0.725 0.08 0.01)
(0.7375 0.08 0.01)
(0.75 0.08 0.01)
(0.7625 0.08 0.01)
(0.775 0.08 0.01)
(0.7875 0.08 0.01)
(0.8 0.08 0.01)
(0.8125 0.08 0.01)
(0.825 0.08 0.01)
(0.8375 0.08 0.01)
(0.85 0.08 0.01)
(0.8625 0.08 0.01)
(0.875 0.08 0.01)
(0.8875 0.08 0.01)
(0.9 0.08 0.01)
(0.9125 0.08 0.01)
(0.925 0.08 0.01)
(0.9375 0.08 0.01)
(0.95 0.08 0.01)
(0.9625 0.08 0.01)
(0.975 0.08 0.01)
(0.9875 0.08 0.01)
(1 0.08 0.01)
(0 0.085 0.01)
(0.0125 0.085 0.01)
(0.025 0.085 0.01)
(0.0375 0.085 0.01)
(0.05 0.085 0.01)
(0.0625 0.085 0.01)
(0.075 0.085 0.01)
(0.0875 0.085 0.01)
(0.1 0.085 0.01)
(0.1125 0.085 0.01)
(0.125 0.085 0.01)
(0.1375 0.085 0.01)
(0.15 0.085 0.01)
(0.1625 0.085 0.01)
(0.175 0.085 0.01)
(0.1875 0.085 0.01)
(0.2 0.085 0.01)
(0.2125 0.085 0.01)
(0.225 0.085 0.01)
(0.2375 0.085 0.01)
(0.25 0.085 0.01)
(0.2625 0.085 0.01)
(0.275 0.085 0.01)
(0.2875 0.085 0.01)
(0.3 0.085 0.01)
(0.3125 0.085 0.01)
(0.325 0.085 0.01)
(0.3375 0.085 0.01)
(0.35 0.085 0.01)
(0.3625 0.085 0.01)
(0.375 0.085 0.01)
(0.3875 0.085 0.01)
(0.4 0.085 0.01)
(0.4125 0.085 0.01)
(0.425 0.085 0.01)
(0.4375 0.085 0.01)
(0.45 0.085 0.01)
(0.4625 0.085 0.01)
(0.475 0.085 0.01)
(0.4875 0.085 0.01)
(0.5 0.085 0.01)
(0.5125 0.085 0.01)
(0.525 0.085 0.01)
(0.5375 0.085 0.01)
(0.55 0.085 0.01)
(0.5625 0.085 0.01)
(0.575 0.085 0.01)
(0.5875 0.085 0.01)
(0.6 0.085 0.01)
(0.6125 0.085 0.01)
(0.625 0.085 0.01)
(0.6375 0.085 0.01)
(0.65 0.085 0.01)
(0.6625 0.085 0.01)
(0.675 0.085 0.01)
(0.6875 0.085 0.01)
(0.7 0.085 0.01)
(0.7125 0.085 0.01)
(0.725 0.085 0.01)
(0.7375 0.085 0.01)
(0.75 0.085 0.01)
(0.7625 0.085 0.01)
(0.775 0.085 0.01)
(0.7875 0.085 0.01)
(0.8 0.085 0.01)
(0.8125 0.085 0.01)
(0.825 0.085 0.01)
(0.8375 0.085 0.01)
(0.85 0.085 0.01)
(0.8625 0.085 0.01)
(0.875 0.085 0.01)
(0.8875 0.085 0.01)
(0.9 0.085 0.01)
(0.9125 0.085 0.01)
(0.925 0.085 0.01)
(0.9375 0.085 0.01)
(0.95 0.085 0.01)
(0.9625 0.085 0.01)
(0.975 0.085 0.01)
(0.9875 0.085 0.01)
(1 0.085 0.01)
(0 0.09 0.01)
(0.0125 0.09 0.01)
(0.025 0.09 0.01)
(0.0375 0.09 0.01)
(0.05 0.09 0.01)
(0.0625 0.09 0.01)
(0.075 0.09 0.01)
(0.0875 0.09 0.01)
(0.1 0.09 0.01)
(0.1125 0.09 0.01)
(0.125 0.09 0.01)
(0.1375 0.09 0.01)
(0.15 0.09 0.01)
(0.1625 0.09 0.01)
(0.175 0.09 0.01)
(0.1875 0.09 0.01)
(0.2 0.09 0.01)
(0.2125 0.09 0.01)
(0.225 0.09 0.01)
(0.2375 0.09 0.01)
(0.25 0.09 0.01)
(0.2625 0.09 0.01)
(0.275 0.09 0.01)
(0.2875 0.09 0.01)
(0.3 0.09 0.01)
(0.3125 0.09 0.01)
(0.325 0.09 0.01)
(0.3375 0.09 0.01)
(0.35 0.09 0.01)
(0.3625 0.09 0.01)
(0.375 0.09 0.01)
(0.3875 0.09 0.01)
(0.4 0.09 0.01)
(0.4125 0.09 0.01)
(0.425 0.09 0.01)
(0.4375 0.09 0.01)
(0.45 0.09 0.01)
(0.4625 0.09 0.01)
(0.475 0.09 0.01)
(0.4875 0.09 0.01)
(0.5 0.09 0.01)
(0.5125 0.09 0.01)
(0.525 0.09 0.01)
(0.5375 0.09 0.01)
(0.55 0.09 0.01)
(0.5625 0.09 0.01)
(0.575 0.09 0.01)
(0.5875 0.09 0.01)
(0.6 0.09 0.01)
(0.6125 0.09 0.01)
(0.625 0.09 0.01)
(0.6375 0.09 0.01)
(0.65 0.09 0.01)
(0.6625 0.09 0.01)
(0.675 0.09 0.01)
(0.6875 0.09 0.01)
(0.7 0.09 0.01)
(0.7125 0.09 0.01)
(0.725 0.09 0.01)
(0.7375 0.09 0.01)
(0.75 0.09 0.01)
(0.7625 0.09 0.01)
(0.775 0.09 0.01)
(0.7875 0.09 0.01)
(0.8 0.09 0.01)
(0.8125 0.09 0.01)
(0.825 0.09 0.01)
(0.8375 0.09 0.01)
(0.85 0.09 0.01)
(0.8625 0.09 0.01)
(0.875 0.09 0.01)
(0.8875 0.09 0.01)
(0.9 0.09 0.01)
(0.9125 0.09 0.01)
(0.925 0.09 0.01)
(0.9375 0.09 0.01)
(0.95 0.09 0.01)
(0.9625 0.09 0.01)
(0.975 0.09 0.01)
(0.9875 0.09 0.01)
(1 0.09 0.01)
(0 0.095 0.01)
(0.0125 0.095 0.01)
(0.025 0.095 0.01)
(0.0375 0.095 0.01)
(0.05 0.095 0.01)
(0.0625 0.095 0.01)
(0.075 0.095 0.01)
(0.0875 0.095 0.01)
(0.1 0.095 0.01)
(0.1125 0.095 0.01)
(0.125 0.095 0.01)
(0.1375 0.095 0.01)
(0.15 0.095 0.01)
(0.1625 0.095 0.01)
(0.175 0.095 0.01)
(0.1875 0.095 0.01)
(0.2 0.095 0.01)
(0.2125 0.095 0.01)
(0.225 0.095 0.01)
(0.2375 0.095 0.01)
(0.25 0.095 0.01)
(0.2625 0.095 0.01)
(0.275 0.095 0.01)
(0.2875 0.095 0.01)
(0.3 0.095 0.01)
(0.3125 0.095 0.01)
(0.325 0.095 0.01)
(0.3375 0.095 0.01)
(0.35 0.095 0.01)
(0.3625 0.095 0.01)
(0.375 0.095 0.01)
(0.3875 0.095 0.01)
(0.4 0.095 0.01)
(0.4125 0.095 0.01)
(0.425 0.095 0.01)
(0.4375 0.095 0.01)
(0.45 0.095 0.01)
(0.4625 0.095 0.01)
(0.475 0.095 0.01)
(0.4875 0.095 0.01)
(0.5 0.095 0.01)
(0.5125 0.095 0.01)
(0.525 0.095 0.01)
(0.5375 0.095 0.01)
(0.55 0.095 0.01)
(0.5625 0.095 0.01)
(0.575 0.095 0.01)
(0.5875 0.095 0.01)
(0.6 0.095 0.01)
(0.6125 0.095 0.01)
(0.625 0.095 0.01)
(0.6375 0.095 0.01)
(0.65 0.095 0.01)
(0.6625 0.095 0.01)
(0.675 0.095 0.01)
(0.6875 0.095 0.01)
(0.7 0.095 0.01)
(0.7125 0.095 0.01)
(0.725 0.095 0.01)
(0.7375 0.095 0.01)
(0.75 0.095 0.01)
(0.7625 0.095 0.01)
(0.775 0.095 0.01)
(0.7875 0.095 0.01)
(0.8 0.095 0.01)
(0.8125 0.095 0.01)
(0.825 0.095 0.01)
(0.8375 0.095 0.01)
(0.85 0.095 0.01)
(0.8625 0.095 0.01)
(0.875 0.095 0.01)
(0.8875 0.095 0.01)
(0.9 0.095 0.01)
(0.9125 0.095 0.01)
(0.925 0.095 0.01)
(0.9375 0.095 0.01)
(0.95 0.095 0.01)
(0.9625 0.095 0.01)
(0.975 0.095 0.01)
(0.9875 0.095 0.01)
(1 0.095 0.01)
(0 0.1 0.01)
(0.0125 0.1 0.01)
(0.025 0.1 0.01)
(0.0375 0.1 0.01)
(0.05 0.1 0.01)
(0.0625 0.1 0.01)
(0.075 0.1 0.01)
(0.0875 0.1 0.01)
(0.1 0.1 0.01)
(0.1125 0.1 0.01)
(0.125 0.1 0.01)
(0.1375 0.1 0.01)
(0.15 0.1 0.01)
(0.1625 0.1 0.01)
(0.175 0.1 0.01)
(0.1875 0.1 0.01)
(0.2 0.1 0.01)
(0.2125 0.1 0.01)
(0.225 0.1 0.01)
(0.2375 0.1 0.01)
(0.25 0.1 0.01)
(0.2625 0.1 0.01)
(0.275 0.1 0.01)
(0.2875 0.1 0.01)
(0.3 0.1 0.01)
(0.3125 0.1 0.01)
(0.325 0.1 0.01)
(0.3375 0.1 0.01)
(0.35 0.1 0.01)
(0.3625 0.1 0.01)
(0.375 0.1 0.01)
(0.3875 0.1 0.01)
(0.4 0.1 0.01)
(0.4125 0.1 0.01)
(0.425 0.1 0.01)
(0.4375 0.1 0.01)
(0.45 0.1 0.01)
(0.4625 0.1 0.01)
(0.475 0.1 0.01)
(0.4875 0.1 0.01)
(0.5 0.1 0.01)
(0.5125 0.1 0.01)
(0.525 0.1 0.01)
(0.5375 0.1 0.01)
(0.55 0.1 0.01)
(0.5625 0.1 0.01)
(0.575 0.1 0.01)
(0.5875 0.1 0.01)
(0.6 0.1 0.01)
(0.6125 0.1 0.01)
(0.625 0.1 0.01)
(0.6375 0.1 0.01)
(0.65 0.1 0.01)
(0.6625 0.1 0.01)
(0.675 0.1 0.01)
(0.6875 0.1 0.01)
(0.7 0.1 0.01)
(0.7125 0.1 0.01)
(0.725 0.1 0.01)
(0.7375 0.1 0.01)
(0.75 0.1 0.01)
(0.7625 0.1 0.01)
(0.775 0.1 0.01)
(0.7875 0.1 0.01)
(0.8 0.1 0.01)
(0.8125 0.1 0.01)
(0.825 0.1 0.01)
(0.8375 0.1 0.01)
(0.85 0.1 0.01)
(0.8625 0.1 0.01)
(0.875 0.1 0.01)
(0.8875 0.1 0.01)
(0.9 0.1 0.01)
(0.9125 0.1 0.01)
(0.925 0.1 0.01)
(0.9375 0.1 0.01)
(0.95 0.1 0.01)
(0.9625 0.1 0.01)
(0.975 0.1 0.01)
(0.9875 0.1 0.01)
(1 0.1 0.01)
)


// ************************************************************************* //
