/*--------------------------------*- C++ -*----------------------------------*\
| =========                 |                                                 |
| \\      /  F ield         | OpenFOAM: The Open Source CFD Toolbox           |
|  \\    /   O peration     | Version:                                        |
|   \\  /    A nd           | Website:  www.openfoam.com                      |
|    \\/     M anipulation  |                                                 |
\*---------------------------------------------------------------------------*/
FoamFile
{
    version     2.0;
    format      ascii;
    class       volScalarField;
    location    "600";
    object      p;
}
// * * * * * * * * * * * * * * * * * * * * * * * * * * * * * * * * * * * * * //

dimensions      [0 2 -2 0 0 0 0];


internalField   nonuniform List<scalar> 
1152
(
0.0320388444104
0.0314228391531
0.0310534882478
0.030577549297
0.0301429479709
0.0296916697496
0.0292470595439
0.0287997821954
0.0283535761192
0.0279069416853
0.0274604791855
0.0270139478524
0.0265674441189
0.0261209293272
0.0256744189674
0.0252279068314
0.0247813954071
0.0243348836976
0.0238883721024
0.0234418604614
0.0229953488387
0.0225488372087
0.0221023255816
0.0216558139534
0.0212093023256
0.0207627906977
0.0203162790698
0.0198697674419
0.019423255814
0.0189767441861
0.0185302325582
0.0180837209302
0.0176372093023
0.0171906976744
0.0167441860465
0.0162976744186
0.0158511627907
0.0154046511628
0.0149581395349
0.014511627907
0.0140651162791
0.0136186046512
0.0131720930233
0.0127255813954
0.0122790697675
0.0118325581396
0.0113860465117
0.0109395348838
0.0104930232559
0.010046511628
0.00960000000005
0.00915348837213
0.00870697674423
0.00826046511633
0.00781395348841
0.00736744186051
0.00692093023261
0.00647441860469
0.00602790697679
0.00558139534888
0.00513488372092
0.00468837209306
0.0042418604652
0.0037953488372
0.00334883720933
0.00290232558147
0.00245581395347
0.0020093023256
0.00156279069774
0.00111627906974
0.000669767441868
0.000223255814001
0.0320544806602
0.0314233060234
0.0310534951785
0.0305774672783
0.0301429488845
0.0296916589098
0.0292470611896
0.0287997809453
0.0283535765202
0.0279069415161
0.027460479256
0.027013947826
0.0265674441302
0.0261209293229
0.0256744189691
0.0252279068307
0.0247813954074
0.0243348836975
0.0238883721024
0.0234418604614
0.0229953488387
0.0225488372087
0.0221023255816
0.0216558139534
0.0212093023256
0.0207627906977
0.0203162790698
0.0198697674419
0.019423255814
0.0189767441861
0.0185302325581
0.0180837209302
0.0176372093023
0.0171906976744
0.0167441860465
0.0162976744186
0.0158511627907
0.0154046511628
0.0149581395349
0.014511627907
0.0140651162791
0.0136186046512
0.0131720930233
0.0127255813954
0.0122790697675
0.0118325581396
0.0113860465117
0.0109395348838
0.0104930232559
0.0100465116279
0.00960000000005
0.00915348837213
0.00870697674423
0.00826046511633
0.00781395348841
0.00736744186051
0.0069209302326
0.00647441860469
0.00602790697678
0.00558139534888
0.00513488372092
0.00468837209306
0.00424186046519
0.0037953488372
0.00334883720933
0.00290232558147
0.00245581395347
0.0020093023256
0.00156279069773
0.00111627906973
0.000669767441868
0.000223255814001
0.0320658269168
0.031420959196
0.031054755612
0.030576943725
0.0301431386924
0.0296915745345
0.0292470925517
0.0287997677525
0.0283535816762
0.0279069394285
0.0274604800913
0.027013947492
0.0265674442645
0.0261209292693
0.0256744189907
0.025227906822
0.0247813954108
0.0243348836961
0.023888372103
0.0234418604611
0.0229953488388
0.0225488372087
0.0221023255817
0.0216558139534
0.0212093023256
0.0207627906977
0.0203162790698
0.0198697674419
0.019423255814
0.0189767441861
0.0185302325581
0.0180837209302
0.0176372093023
0.0171906976744
0.0167441860465
0.0162976744186
0.0158511627907
0.0154046511628
0.0149581395349
0.014511627907
0.0140651162791
0.0136186046512
0.0131720930233
0.0127255813954
0.0122790697675
0.0118325581396
0.0113860465117
0.0109395348838
0.0104930232558
0.0100465116279
0.00960000000004
0.00915348837213
0.00870697674423
0.00826046511632
0.00781395348841
0.00736744186051
0.0069209302326
0.00647441860469
0.00602790697678
0.00558139534888
0.00513488372092
0.00468837209306
0.00424186046519
0.00379534883719
0.00334883720933
0.00290232558146
0.00245581395347
0.0020093023256
0.00156279069773
0.00111627906973
0.000669767441868
0.000223255814001
0.0320720889644
0.0314190096703
0.0310559612689
0.0305765076114
0.0301433154418
0.0296915006241
0.0292471208196
0.02879975595
0.028353586277
0.0279069375536
0.0274604808366
0.0270139471925
0.0265674443845
0.0261209292212
0.02567441901
0.0252279068143
0.0247813954139
0.0243348836949
0.0238883721035
0.0234418604609
0.0229953488389
0.0225488372086
0.0221023255817
0.0216558139534
0.0212093023256
0.0207627906977
0.0203162790698
0.0198697674419
0.019423255814
0.0189767441861
0.0185302325581
0.0180837209302
0.0176372093023
0.0171906976744
0.0167441860465
0.0162976744186
0.0158511627907
0.0154046511628
0.0149581395349
0.014511627907
0.0140651162791
0.0136186046512
0.0131720930233
0.0127255813954
0.0122790697675
0.0118325581396
0.0113860465117
0.0109395348838
0.0104930232558
0.0100465116279
0.00960000000004
0.00915348837212
0.00870697674422
0.00826046511632
0.0078139534884
0.0073674418605
0.0069209302326
0.00647441860468
0.00602790697678
0.00558139534887
0.00513488372092
0.00468837209305
0.00424186046519
0.00379534883719
0.00334883720933
0.00290232558146
0.00245581395346
0.0020093023256
0.00156279069773
0.00111627906973
0.000669767441867
0.000223255814001
0.0320757953671
0.0314178272015
0.0310568478159
0.0305762171082
0.0301434451292
0.029691448998
0.0292471410502
0.0287997475464
0.0283535895423
0.0279069362141
0.0274604813658
0.0270139469788
0.0265674444699
0.026120929187
0.0256744190237
0.0252279068088
0.0247813954161
0.024334883694
0.0238883721038
0.0234418604608
0.022995348839
0.0225488372086
0.0221023255817
0.0216558139534
0.0212093023256
0.0207627906977
0.0203162790698
0.0198697674419
0.019423255814
0.0189767441861
0.0185302325581
0.0180837209302
0.0176372093023
0.0171906976744
0.0167441860465
0.0162976744186
0.0158511627907
0.0154046511628
0.0149581395349
0.014511627907
0.0140651162791
0.0136186046512
0.0131720930233
0.0127255813954
0.0122790697675
0.0118325581396
0.0113860465117
0.0109395348838
0.0104930232558
0.0100465116279
0.00960000000004
0.00915348837212
0.00870697674422
0.00826046511632
0.0078139534884
0.0073674418605
0.00692093023259
0.00647441860468
0.00602790697677
0.00558139534887
0.00513488372091
0.00468837209305
0.00424186046519
0.00379534883719
0.00334883720932
0.00290232558146
0.00245581395346
0.0020093023256
0.00156279069773
0.00111627906973
0.000669767441866
0.000223255814
0.0320781700342
0.0314170997436
0.0310574690403
0.0305760266286
0.0301435371859
0.0296914139065
0.0292471551668
0.0287997417357
0.0283535918018
0.0279069352837
0.0274604817315
0.0270139468304
0.026567444529
0.0261209291633
0.0256744190332
0.025227906805
0.0247813954177
0.0243348836934
0.0238883721041
0.0234418604607
0.022995348839
0.0225488372086
0.0221023255817
0.0216558139534
0.0212093023256
0.0207627906977
0.0203162790698
0.0198697674419
0.019423255814
0.0189767441861
0.0185302325581
0.0180837209302
0.0176372093023
0.0171906976744
0.0167441860465
0.0162976744186
0.0158511627907
0.0154046511628
0.0149581395349
0.014511627907
0.0140651162791
0.0136186046512
0.0131720930233
0.0127255813954
0.0122790697675
0.0118325581396
0.0113860465116
0.0109395348837
0.0104930232558
0.0100465116279
0.00960000000003
0.00915348837211
0.00870697674421
0.00826046511631
0.00781395348839
0.00736744186049
0.00692093023259
0.00647441860467
0.00602790697677
0.00558139534886
0.00513488372091
0.00468837209304
0.00424186046518
0.00379534883718
0.00334883720932
0.00290232558146
0.00245581395346
0.00200930232559
0.00156279069773
0.00111627906973
0.000669767441865
0.000223255814
0.0320796110269
0.0314166581493
0.0310578690304
0.0305759092978
0.0301435972197
0.0296913917584
0.0292471642797
0.0287997380207
0.0283535932504
0.0279069346865
0.0274604819657
0.0270139467351
0.0265674445668
0.026120929148
0.0256744190393
0.0252279068026
0.0247813954187
0.024334883693
0.0238883721042
0.0234418604606
0.022995348839
0.0225488372086
0.0221023255817
0.0216558139534
0.0212093023256
0.0207627906977
0.0203162790698
0.0198697674419
0.019423255814
0.0189767441861
0.0185302325581
0.0180837209302
0.0176372093023
0.0171906976744
0.0167441860465
0.0162976744186
0.0158511627907
0.0154046511628
0.0149581395349
0.014511627907
0.0140651162791
0.0136186046512
0.0131720930233
0.0127255813954
0.0122790697675
0.0118325581395
0.0113860465116
0.0109395348837
0.0104930232558
0.0100465116279
0.00960000000002
0.00915348837211
0.0087069767442
0.0082604651163
0.00781395348839
0.00736744186048
0.00692093023258
0.00647441860466
0.00602790697676
0.00558139534886
0.0051348837209
0.00468837209304
0.00424186046518
0.00379534883718
0.00334883720932
0.00290232558145
0.00245581395345
0.00200930232559
0.00156279069773
0.00111627906973
0.000669767441864
0.000223255813999
0.0320802906489
0.0314164470822
0.0310580653676
0.030575853299
0.0301436269123
0.0296913810273
0.029247168762
0.028799736206
0.0283535939598
0.0279069343939
0.0274604820803
0.0270139466885
0.0265674445854
0.0261209291406
0.0256744190423
0.0252279068014
0.0247813954191
0.0243348836928
0.0238883721043
0.0234418604606
0.022995348839
0.0225488372086
0.0221023255817
0.0216558139534
0.0212093023256
0.0207627906977
0.0203162790698
0.0198697674419
0.019423255814
0.0189767441861
0.0185302325581
0.0180837209302
0.0176372093023
0.0171906976744
0.0167441860465
0.0162976744186
0.0158511627907
0.0154046511628
0.0149581395349
0.014511627907
0.0140651162791
0.0136186046512
0.0131720930233
0.0127255813954
0.0122790697675
0.0118325581395
0.0113860465116
0.0109395348837
0.0104930232558
0.0100465116279
0.00960000000001
0.0091534883721
0.00870697674419
0.00826046511629
0.00781395348838
0.00736744186047
0.00692093023257
0.00647441860466
0.00602790697675
0.00558139534885
0.00513488372089
0.00468837209303
0.00424186046517
0.00379534883717
0.00334883720931
0.00290232558145
0.00245581395345
0.00200930232559
0.00156279069772
0.00111627906973
0.000669767441862
0.000223255813999
0.0320802906489
0.0314164470822
0.0310580653676
0.030575853299
0.0301436269123
0.0296913810273
0.029247168762
0.028799736206
0.0283535939598
0.0279069343939
0.0274604820803
0.0270139466885
0.0265674445854
0.0261209291406
0.0256744190423
0.0252279068014
0.0247813954191
0.0243348836928
0.0238883721043
0.0234418604606
0.022995348839
0.0225488372086
0.0221023255817
0.0216558139534
0.0212093023256
0.0207627906977
0.0203162790698
0.0198697674419
0.019423255814
0.0189767441861
0.0185302325581
0.0180837209302
0.0176372093023
0.0171906976744
0.0167441860465
0.0162976744186
0.0158511627907
0.0154046511628
0.0149581395349
0.014511627907
0.0140651162791
0.0136186046512
0.0131720930232
0.0127255813953
0.0122790697674
0.0118325581395
0.0113860465116
0.0109395348837
0.0104930232558
0.0100465116279
0.0096
0.00915348837209
0.00870697674419
0.00826046511628
0.00781395348837
0.00736744186047
0.00692093023256
0.00647441860465
0.00602790697675
0.00558139534884
0.00513488372089
0.00468837209302
0.00424186046516
0.00379534883717
0.0033488372093
0.00290232558144
0.00245581395344
0.00200930232558
0.00156279069772
0.00111627906972
0.000669767441861
0.000223255813998
0.0320796110269
0.0314166581493
0.0310578690304
0.0305759092978
0.0301435972197
0.0296913917584
0.0292471642797
0.0287997380207
0.0283535932504
0.0279069346865
0.0274604819657
0.0270139467352
0.0265674445668
0.026120929148
0.0256744190393
0.0252279068026
0.0247813954187
0.024334883693
0.0238883721042
0.0234418604606
0.022995348839
0.0225488372086
0.0221023255817
0.0216558139534
0.0212093023256
0.0207627906977
0.0203162790698
0.0198697674419
0.019423255814
0.018976744186
0.0185302325581
0.0180837209302
0.0176372093023
0.0171906976744
0.0167441860465
0.0162976744186
0.0158511627907
0.0154046511628
0.0149581395349
0.014511627907
0.0140651162791
0.0136186046512
0.0131720930232
0.0127255813953
0.0122790697674
0.0118325581395
0.0113860465116
0.0109395348837
0.0104930232558
0.0100465116279
0.00959999999999
0.00915348837208
0.00870697674417
0.00826046511627
0.00781395348836
0.00736744186045
0.00692093023255
0.00647441860464
0.00602790697674
0.00558139534883
0.00513488372088
0.00468837209302
0.00424186046515
0.00379534883716
0.0033488372093
0.00290232558143
0.00245581395344
0.00200930232558
0.00156279069772
0.00111627906972
0.000669767441859
0.000223255813997
0.0320781700342
0.0314170997436
0.0310574690403
0.0305760266286
0.0301435371859
0.0296914139065
0.0292471551668
0.0287997417357
0.0283535918018
0.0279069352837
0.0274604817315
0.0270139468304
0.026567444529
0.0261209291633
0.0256744190332
0.025227906805
0.0247813954177
0.0243348836934
0.0238883721041
0.0234418604607
0.022995348839
0.0225488372086
0.0221023255817
0.0216558139534
0.0212093023256
0.0207627906977
0.0203162790698
0.0198697674418
0.0194232558139
0.018976744186
0.0185302325581
0.0180837209302
0.0176372093023
0.0171906976744
0.0167441860465
0.0162976744186
0.0158511627907
0.0154046511628
0.0149581395349
0.014511627907
0.014065116279
0.0136186046511
0.0131720930232
0.0127255813953
0.0122790697674
0.0118325581395
0.0113860465116
0.0109395348837
0.0104930232558
0.0100465116279
0.00959999999998
0.00915348837207
0.00870697674416
0.00826046511626
0.00781395348835
0.00736744186044
0.00692093023254
0.00647441860463
0.00602790697673
0.00558139534882
0.00513488372087
0.00468837209301
0.00424186046515
0.00379534883715
0.00334883720929
0.00290232558143
0.00245581395343
0.00200930232557
0.00156279069771
0.00111627906972
0.000669767441858
0.000223255813997
0.0320757953671
0.0314178272015
0.0310568478159
0.0305762171083
0.0301434451292
0.029691448998
0.0292471410503
0.0287997475464
0.0283535895424
0.0279069362141
0.0274604813658
0.0270139469788
0.0265674444699
0.026120929187
0.0256744190237
0.0252279068088
0.0247813954161
0.024334883694
0.0238883721038
0.0234418604608
0.022995348839
0.0225488372086
0.0221023255817
0.0216558139534
0.0212093023256
0.0207627906977
0.0203162790698
0.0198697674418
0.0194232558139
0.018976744186
0.0185302325581
0.0180837209302
0.0176372093023
0.0171906976744
0.0167441860465
0.0162976744186
0.0158511627907
0.0154046511628
0.0149581395349
0.0145116279069
0.014065116279
0.0136186046511
0.0131720930232
0.0127255813953
0.0122790697674
0.0118325581395
0.0113860465116
0.0109395348837
0.0104930232558
0.0100465116279
0.00959999999997
0.00915348837205
0.00870697674415
0.00826046511625
0.00781395348834
0.00736744186043
0.00692093023253
0.00647441860462
0.00602790697672
0.00558139534881
0.00513488372086
0.004688372093
0.00424186046514
0.00379534883714
0.00334883720928
0.00290232558142
0.00245581395343
0.00200930232557
0.00156279069771
0.00111627906972
0.000669767441856
0.000223255813996
0.0320720889644
0.0314190096703
0.0310559612689
0.0305765076114
0.0301433154418
0.0296915006241
0.0292471208197
0.02879975595
0.028353586277
0.0279069375536
0.0274604808366
0.0270139471925
0.0265674443845
0.0261209292212
0.02567441901
0.0252279068143
0.0247813954139
0.0243348836949
0.0238883721035
0.0234418604609
0.0229953488389
0.0225488372086
0.0221023255817
0.0216558139534
0.0212093023256
0.0207627906977
0.0203162790698
0.0198697674418
0.0194232558139
0.018976744186
0.0185302325581
0.0180837209302
0.0176372093023
0.0171906976744
0.0167441860465
0.0162976744186
0.0158511627907
0.0154046511628
0.0149581395349
0.0145116279069
0.014065116279
0.0136186046511
0.0131720930232
0.0127255813953
0.0122790697674
0.0118325581395
0.0113860465116
0.0109395348837
0.0104930232558
0.0100465116279
0.00959999999996
0.00915348837204
0.00870697674414
0.00826046511624
0.00781395348833
0.00736744186042
0.00692093023252
0.00647441860461
0.00602790697671
0.00558139534881
0.00513488372085
0.00468837209299
0.00424186046513
0.00379534883714
0.00334883720928
0.00290232558142
0.00245581395342
0.00200930232556
0.00156279069771
0.00111627906971
0.000669767441854
0.000223255813996
0.0320658269168
0.031420959196
0.031054755612
0.030576943725
0.0301431386924
0.0296915745345
0.0292470925518
0.0287997677525
0.0283535816762
0.0279069394286
0.0274604800913
0.027013947492
0.0265674442645
0.0261209292693
0.0256744189907
0.025227906822
0.0247813954109
0.0243348836961
0.023888372103
0.0234418604611
0.0229953488388
0.0225488372087
0.0221023255817
0.0216558139534
0.0212093023256
0.0207627906977
0.0203162790698
0.0198697674418
0.0194232558139
0.018976744186
0.0185302325581
0.0180837209302
0.0176372093023
0.0171906976744
0.0167441860465
0.0162976744186
0.0158511627907
0.0154046511627
0.0149581395348
0.0145116279069
0.014065116279
0.0136186046511
0.0131720930232
0.0127255813953
0.0122790697674
0.0118325581395
0.0113860465116
0.0109395348837
0.0104930232558
0.0100465116279
0.00959999999995
0.00915348837203
0.00870697674413
0.00826046511623
0.00781395348832
0.00736744186041
0.00692093023251
0.0064744186046
0.0060279069767
0.0055813953488
0.00513488372084
0.00468837209298
0.00424186046512
0.00379534883713
0.00334883720927
0.00290232558141
0.00245581395342
0.00200930232556
0.0015627906977
0.00111627906971
0.000669767441852
0.000223255813995
0.0320544806602
0.0314233060234
0.0310534951785
0.0305774672783
0.0301429488845
0.0296916589098
0.0292470611896
0.0287997809454
0.0283535765202
0.0279069415161
0.027460479256
0.027013947826
0.0265674441302
0.0261209293229
0.0256744189692
0.0252279068307
0.0247813954074
0.0243348836975
0.0238883721024
0.0234418604614
0.0229953488387
0.0225488372087
0.0221023255816
0.0216558139534
0.0212093023256
0.0207627906977
0.0203162790698
0.0198697674418
0.0194232558139
0.018976744186
0.0185302325581
0.0180837209302
0.0176372093023
0.0171906976744
0.0167441860465
0.0162976744186
0.0158511627906
0.0154046511627
0.0149581395348
0.0145116279069
0.014065116279
0.0136186046511
0.0131720930232
0.0127255813953
0.0122790697674
0.0118325581395
0.0113860465116
0.0109395348837
0.0104930232557
0.0100465116278
0.00959999999994
0.00915348837202
0.00870697674412
0.00826046511622
0.00781395348831
0.00736744186041
0.0069209302325
0.00647441860459
0.00602790697669
0.00558139534879
0.00513488372084
0.00468837209298
0.00424186046512
0.00379534883712
0.00334883720927
0.00290232558141
0.00245581395341
0.00200930232556
0.0015627906977
0.00111627906971
0.000669767441851
0.000223255813994
0.0320388444104
0.0314228391531
0.0310534882478
0.030577549297
0.0301429479709
0.0296916697496
0.0292470595439
0.0287997821954
0.0283535761192
0.0279069416853
0.0274604791855
0.0270139478524
0.0265674441189
0.0261209293273
0.0256744189674
0.0252279068314
0.0247813954071
0.0243348836976
0.0238883721024
0.0234418604614
0.0229953488387
0.0225488372087
0.0221023255816
0.0216558139534
0.0212093023256
0.0207627906977
0.0203162790698
0.0198697674418
0.0194232558139
0.018976744186
0.0185302325581
0.0180837209302
0.0176372093023
0.0171906976744
0.0167441860465
0.0162976744186
0.0158511627906
0.0154046511627
0.0149581395348
0.0145116279069
0.014065116279
0.0136186046511
0.0131720930232
0.0127255813953
0.0122790697674
0.0118325581395
0.0113860465116
0.0109395348837
0.0104930232557
0.0100465116278
0.00959999999993
0.00915348837202
0.00870697674411
0.00826046511621
0.0078139534883
0.0073674418604
0.0069209302325
0.00647441860458
0.00602790697668
0.00558139534878
0.00513488372083
0.00468837209297
0.00424186046511
0.00379534883712
0.00334883720926
0.0029023255814
0.00245581395341
0.00200930232555
0.0015627906977
0.00111627906971
0.00066976744185
0.000223255813994
)
;

boundaryField
{
    inlet
    {
        type            zeroGradient;
    }
    outlet
    {
        type            fixedValue;
        value           uniform 0;
    }
    walls
    {
        type            zeroGradient;
    }
    frontAndBack
    {
        type            empty;
    }
}


// ************************************************************************* //
