/*--------------------------------*- C++ -*----------------------------------*\
| =========                 |                                                 |
| \\      /  F ield         | OpenFOAM: The Open Source CFD Toolbox           |
|  \\    /   O peration     | Version:                                        |
|   \\  /    A nd           | Website:  www.openfoam.com                      |
|    \\/     M anipulation  |                                                 |
\*---------------------------------------------------------------------------*/
FoamFile
{
    version     2.0;
    format      ascii;
    class       surfaceScalarField;
    location    "600";
    object      phi;
}
// * * * * * * * * * * * * * * * * * * * * * * * * * * * * * * * * * * * * * //

dimensions      [0 3 -1 0 0 0 0];
oriented        oriented;


internalField   nonuniform List<scalar> 
2216
(
1.34635009531e-07
-4.10869374142e-09
1.3311976205e-07
1.51524748047e-09
1.341371714e-07
-1.01740934998e-09
1.33842727991e-07
2.94443409051e-10
1.33990076809e-07
-1.47348817979e-10
1.33937477268e-07
5.25995404699e-11
1.33959769584e-07
-2.22923162282e-11
1.33950994396e-07
8.77518876227e-12
1.33954507988e-07
-3.51359292917e-12
1.33953087859e-07
1.42012891186e-12
1.33953651424e-07
-5.63565155601e-13
1.33953423709e-07
2.27715485652e-13
1.33953514442e-07
-9.07337326374e-14
1.33953477954e-07
3.64883814296e-14
1.33953492551e-07
-1.4597215133e-14
1.33953486697e-07
5.85356124521e-15
1.33953489043e-07
-2.34585221061e-15
1.33953488103e-07
9.39777094667e-16
1.3395348848e-07
-3.76811567038e-16
1.33953488329e-07
1.50920030944e-16
1.33953488389e-07
-6.04809648996e-17
1.33953488365e-07
2.42970748513e-17
1.33953488375e-07
-9.59249319049e-18
1.33953488371e-07
4.06031405007e-18
1.33953488373e-07
-1.30762731869e-18
1.33953488372e-07
9.31395694079e-19
1.33953488372e-07
1.57177218434e-19
1.33953488372e-07
5.72442398815e-19
1.33953488372e-07
5.52034268563e-19
1.33953488372e-07
6.81961760618e-19
1.33953488372e-07
7.9557762656e-19
1.33953488372e-07
8.86406487622e-19
1.33953488372e-07
1.02353706775e-18
1.33953488372e-07
1.1088704933e-18
1.33953488372e-07
1.25740594728e-18
1.33953488372e-07
1.34531416426e-18
1.33953488372e-07
1.49325655063e-18
1.33953488372e-07
1.58224134174e-18
1.33953488372e-07
1.72332341198e-18
1.33953488372e-07
1.80692140348e-18
1.33953488372e-07
1.93775485606e-18
1.33953488372e-07
2.01272834671e-18
1.33953488372e-07
2.12742694127e-18
1.33953488372e-07
2.19348861283e-18
1.33953488372e-07
2.28959402512e-18
1.33953488372e-07
2.34069991229e-18
1.33953488372e-07
2.41239671151e-18
1.33953488372e-07
2.45018205149e-18
1.33953488372e-07
2.4980929337e-18
1.33953488372e-07
2.51953884363e-18
1.33953488372e-07
2.53948767103e-18
1.33953488372e-07
2.54504171366e-18
1.33953488372e-07
2.53820928664e-18
1.33953488372e-07
2.52506933344e-18
1.33953488372e-07
2.48927817699e-18
1.33953488372e-07
2.45997419492e-18
1.33953488372e-07
2.3964334635e-18
1.33953488372e-07
2.34886542314e-18
1.33953488372e-07
2.25591126896e-18
1.33953488372e-07
2.19103934362e-18
1.33953488372e-07
2.06864116922e-18
1.33953488372e-07
1.98541413577e-18
1.33953488372e-07
1.83304727618e-18
1.33953488372e-07
1.73122234183e-18
1.33953488372e-07
1.54818685379e-18
1.33953488372e-07
1.43002515809e-18
1.33953488372e-07
1.2170531463e-18
1.33953488372e-07
1.0807104665e-18
1.33953488372e-07
8.31049637076e-19
1.33953488372e-07
6.64760036596e-19
1.33953488372e-07
3.5680009917e-19
1.52946872282e-19
3.68324430601e-07
-6.11733486893e-09
3.67615698453e-07
2.22397962877e-09
3.68400061561e-07
-1.80177245863e-09
3.68283582151e-07
4.10922819087e-10
3.68389162451e-07
-2.52929117624e-10
3.68361496215e-07
8.02657766758e-11
3.68375775067e-07
-3.65711688045e-11
3.68370595278e-07
1.39549775795e-11
3.68372720871e-07
-5.6391855767e-12
3.68371856153e-07
2.28484642911e-12
3.68372193207e-07
-9.00619020366e-13
3.68372054414e-07
3.6650865206e-13
3.68372108884e-07
-1.45204268963e-13
3.6837208675e-07
5.86222709248e-14
3.68372095551e-07
-2.33982942026e-14
3.68372092011e-07
9.39333690835e-15
3.68372093428e-07
-3.76300743127e-15
3.68372092861e-07
1.50749291613e-15
3.68372093088e-07
-6.04537286093e-16
3.68372092997e-07
2.42093820487e-16
3.68372093034e-07
-9.70212432639e-17
3.68372093019e-07
3.89985604216e-17
3.68372093025e-07
-1.53634382904e-17
3.68372093023e-07
6.54885899168e-18
3.68372093024e-07
-2.05770868019e-18
3.68372093023e-07
1.54350693243e-18
3.68372093023e-07
3.09089568634e-19
3.68372093023e-07
9.88430785017e-19
3.68372093023e-07
9.64465950403e-19
3.68372093023e-07
1.18855580506e-18
3.68372093023e-07
1.3774665902e-18
3.68372093023e-07
1.54049836624e-18
3.68372093023e-07
1.77036291961e-18
3.68372093023e-07
1.9308106532e-18
3.68372093023e-07
2.17554869707e-18
3.68372093023e-07
2.34091588653e-18
3.68372093023e-07
2.58619301211e-18
3.68372093023e-07
2.75106579995e-18
3.68372093023e-07
2.98849270869e-18
3.68372093023e-07
3.14419095588e-18
3.68372093023e-07
3.36081860544e-18
3.68372093023e-07
3.50203306979e-18
3.68372093023e-07
3.69363849142e-18
3.68372093023e-07
3.8156195779e-18
3.68372093023e-07
3.97726195553e-18
3.68372093023e-07
4.0744731406e-18
3.68372093023e-07
4.19774359423e-18
3.68372093023e-07
4.26719378203e-18
3.68372093023e-07
4.34810227249e-18
3.68372093023e-07
4.39063550182e-18
3.68372093023e-07
4.42481006203e-18
3.68372093023e-07
4.43650785553e-18
3.68372093023e-07
4.425692173e-18
3.68372093023e-07
4.40325456885e-18
3.68372093023e-07
4.3442741481e-18
3.68372093023e-07
4.29079099524e-18
3.68372093023e-07
4.18526267621e-18
3.68372093023e-07
4.09790770254e-18
3.68372093023e-07
3.94275063908e-18
3.68372093023e-07
3.82152375101e-18
3.68372093023e-07
3.61709560347e-18
3.68372093023e-07
3.46187292696e-18
3.68372093023e-07
3.20531604536e-18
3.68372093023e-07
3.0154242144e-18
3.68372093023e-07
2.70774070208e-18
3.68372093023e-07
2.4852683992e-18
3.68372093023e-07
2.12772436362e-18
3.68372093023e-07
1.87142759488e-18
3.68372093023e-07
1.45209234414e-18
3.68372093023e-07
1.13883984098e-18
3.68372093023e-07
6.13989551486e-19
2.37535865037e-19
5.68648157724e-07
-6.34443996123e-09
5.68985259027e-07
1.88687832549e-09
5.69186058037e-07
-2.00257146836e-09
5.69270009579e-07
3.26971276203e-10
5.69294454881e-07
-2.77374418828e-10
5.69300771207e-07
7.39494502504e-11
5.69302107245e-07
-3.79072074426e-11
5.69302324672e-07
1.37375506358e-11
5.69302340791e-07
-5.65530467389e-12
5.69302332602e-07
2.29303490443e-12
5.69302328117e-07
-8.96133636011e-13
5.6930232626e-07
3.6836495271e-13
5.69302325767e-07
-1.44710836559e-13
5.69302325613e-07
5.8775401241e-14
5.69302325589e-07
-2.33741034802e-14
5.69302325581e-07
9.40111718615e-15
5.69302325582e-07
-3.76358148276e-15
5.69302325581e-07
1.5076812024e-15
5.69302325582e-07
-6.04856606814e-16
5.69302325581e-07
2.42082678166e-16
5.69302325582e-07
-9.70418499995e-17
5.69302325581e-07
3.90648109688e-17
5.69302325582e-07
-1.52348810148e-17
5.69302325581e-07
6.74033899246e-18
5.69302325581e-07
-1.781319127e-18
5.69302325581e-07
1.89170409198e-18
5.69302325581e-07
7.61050820297e-19
5.69302325581e-07
1.52122358577e-18
5.69302325581e-07
1.61520768708e-18
5.69302325581e-07
1.92997152933e-18
5.69302325581e-07
2.24841302599e-18
5.69302325581e-07
2.50950705271e-18
5.69302325581e-07
2.87664793081e-18
5.69302325581e-07
3.13711442755e-18
5.69302325581e-07
3.52043064411e-18
5.69302325581e-07
3.78713289317e-18
5.69302325581e-07
4.17268502947e-18
5.69302325581e-07
4.43717878369e-18
5.69302325581e-07
4.80481502223e-18
5.69302325581e-07
5.05611918379e-18
5.69302325581e-07
5.39267586458e-18
5.69302325581e-07
5.61902687955e-18
5.69302325581e-07
5.91722476077e-18
5.69302325581e-07
6.11135358028e-18
5.69302325581e-07
6.36090568235e-18
5.69302325581e-07
6.51725836957e-18
5.69302325581e-07
6.70325773231e-18
5.69302325581e-07
6.81540552884e-18
5.69302325581e-07
6.93965329949e-18
5.69302325581e-07
7.00469139419e-18
5.69302325581e-07
7.05653534307e-18
5.69302325581e-07
7.07397382358e-18
5.69302325581e-07
7.05434786969e-18
5.69302325581e-07
7.01838880449e-18
5.69302325581e-07
6.92406966223e-18
5.69302325581e-07
6.8374478684e-18
5.69302325581e-07
6.67112478e-18
5.69302325581e-07
6.52954545305e-18
5.69302325581e-07
6.28669565911e-18
5.69302325581e-07
6.090849163e-18
5.69302325581e-07
5.77168489592e-18
5.69302325581e-07
5.5205406158e-18
5.69302325581e-07
5.11942985587e-18
5.69302325581e-07
4.81248672149e-18
5.69302325581e-07
4.33181519036e-18
5.69302325581e-07
3.97019663002e-18
5.69302325581e-07
3.41003334262e-18
5.69302325581e-07
2.99226255311e-18
5.69302325582e-07
2.33622034813e-18
5.69302325582e-07
1.83012897588e-18
5.69302325582e-07
1.01701680553e-18
3.97392245968e-19
7.36157474151e-07
-5.65980884885e-09
7.36745684099e-07
1.29866837688e-09
7.366174338e-07
-1.8743211695e-09
7.3674586961e-07
1.98535466399e-10
7.36728858662e-07
-2.60363470572e-10
7.36746654022e-07
5.61540902258e-11
7.36742443327e-07
-3.36965129864e-11
7.36744771633e-07
1.14092444136e-11
7.3674394874e-07
-4.83241133473e-12
7.36744287569e-07
1.95420536262e-12
7.36744148664e-07
-7.57229135894e-13
7.3674420219e-07
3.14839278028e-13
7.36744179916e-07
-1.2243672268e-13
7.36744188589e-07
5.01024887363e-14
7.36744185046e-07
-1.98317962943e-14
7.36744186451e-07
7.99647841014e-15
7.36744185885e-07
-3.19803610282e-15
7.36744186111e-07
1.28124199041e-15
7.36744186021e-07
-5.14225100978e-16
7.36744186057e-07
2.05683967895e-16
7.36744186042e-07
-8.24568549922e-17
7.36744186048e-07
3.32849267274e-17
7.36744186046e-07
-1.27856365633e-17
7.36744186047e-07
5.96856596935e-18
7.36744186047e-07
-1.17843348093e-18
7.36744186047e-07
2.02869001936e-18
7.36744186047e-07
1.17902896483e-18
7.36744186047e-07
1.92456369399e-18
7.36744186047e-07
2.13185301378e-18
7.36744186047e-07
2.51531678251e-18
7.36744186047e-07
2.92296595946e-18
7.36744186047e-07
3.26774035362e-18
7.36744186047e-07
3.71971561057e-18
7.36744186047e-07
4.06831944557e-18
7.36744186047e-07
4.54220351023e-18
7.36744186047e-07
4.89919920563e-18
7.36744186047e-07
5.37223875007e-18
7.36744186047e-07
5.72256307008e-18
7.36744186047e-07
6.17491429237e-18
7.36744186047e-07
6.50509278897e-18
7.36744186046e-07
6.91891040555e-18
7.36744186046e-07
7.21734919358e-18
7.36744186046e-07
7.58424278423e-18
7.36744186046e-07
7.84045055919e-18
7.36744186046e-07
8.14592533037e-18
7.36744186046e-07
8.35111467694e-18
7.36744186046e-07
8.58060896839e-18
7.36744186046e-07
8.72774564224e-18
7.36744186046e-07
8.87996113732e-18
7.36744186046e-07
8.96533456392e-18
7.36744186046e-07
9.02914686506e-18
7.36744186046e-07
9.04909684351e-18
7.36744186046e-07
9.02677341118e-18
7.36744186046e-07
8.97788579757e-18
7.36744186046e-07
8.86277906752e-18
7.36744186046e-07
8.74594036976e-18
7.36744186046e-07
8.54144159053e-18
7.36744186046e-07
8.35234754092e-18
7.36744186046e-07
8.05372147195e-18
7.36744186046e-07
7.7923970946e-18
7.36744186046e-07
7.39824316838e-18
7.36744186046e-07
7.06362805776e-18
7.36744186046e-07
6.56804841639e-18
7.36744186046e-07
6.1568275178e-18
7.36744186046e-07
5.56251933842e-18
7.36744186047e-07
5.07646044973e-18
7.36744186047e-07
4.38137350473e-18
7.36744186047e-07
3.8183231407e-18
7.36744186047e-07
3.00632947931e-18
7.36744186047e-07
2.32968248766e-18
7.36744186047e-07
1.3262070923e-18
5.05009685836e-19
8.70417716171e-07
-4.49857765181e-09
8.7094938082e-07
7.67003727843e-10
8.70619171595e-07
-1.54411194401e-09
8.70726881276e-07
9.08257849062e-11
8.70683343975e-07
-2.16826170043e-10
8.70702377789e-07
3.71202758175e-11
8.70695483554e-07
-2.68022775491e-11
8.70698478572e-07
8.41422585752e-12
8.70697337813e-07
-3.69165225852e-12
8.70697807487e-07
1.48453124251e-12
8.70697621196e-07
-5.70938901831e-13
8.70697695925e-07
2.40110199942e-13
8.70697665879e-07
-9.23912089621e-14
8.70697677867e-07
3.8113945283e-14
8.70697673044e-07
-1.50088797011e-14
8.70697674971e-07
6.06888670454e-15
8.70697674198e-07
-2.42445088909e-15
8.70697674507e-07
9.71267533725e-16
8.70697674383e-07
-3.90146563507e-16
8.70697674433e-07
1.55845744142e-16
8.70697674413e-07
-6.25096860411e-17
8.70697674421e-07
2.537014767e-17
8.70697674418e-07
-9.41262807081e-18
8.70697674419e-07
4.9439416127e-18
8.70697674419e-07
-2.96213635535e-19
8.70697674419e-07
2.2948496799e-18
8.70697674419e-07
1.85979759802e-18
8.70697674419e-07
2.60466692465e-18
8.70697674419e-07
2.99199502859e-18
8.70697674419e-07
3.48466351175e-18
8.70697674419e-07
4.0431524203e-18
8.70697674419e-07
4.51342781966e-18
8.70697674419e-07
5.11900945281e-18
8.70697674419e-07
5.60177640372e-18
8.70697674419e-07
6.22497595613e-18
8.70697674419e-07
6.71061989736e-18
8.70697674419e-07
7.32958471469e-18
8.70697674419e-07
7.80605621041e-18
8.70697674419e-07
8.3958316688e-18
8.70697674419e-07
8.8430689752e-18
8.70697674419e-07
9.38036483976e-18
8.70697674419e-07
9.78080652051e-18
8.70697674419e-07
1.02546823732e-17
8.70697674419e-07
1.05996268589e-17
8.70697674419e-07
1.09912753758e-17
8.70697674419e-07
1.12651934185e-17
8.70697674419e-07
1.15586090894e-17
8.70697674419e-07
1.175374187e-17
8.70697674418e-07
1.19465612646e-17
8.70697674418e-07
1.20567712245e-17
8.70697674418e-07
1.21364986106e-17
8.70697674418e-07
1.21584558449e-17
8.70697674418e-07
1.21247980468e-17
8.70697674418e-07
1.20546393283e-17
8.70697674418e-07
1.1902184778e-17
8.70697674418e-07
1.17396435477e-17
8.70697674418e-07
1.14701257084e-17
8.70697674418e-07
1.12104146028e-17
8.70697674418e-07
1.08182972263e-17
8.70697674418e-07
1.04613011572e-17
8.70697674418e-07
9.94447245227e-18
8.70697674418e-07
9.48780339757e-18
8.70697674418e-07
8.83907984545e-18
8.70697674419e-07
8.27682635038e-18
8.70697674419e-07
7.4958815481e-18
8.70697674419e-07
6.82923258261e-18
8.70697674419e-07
5.91330629237e-18
8.70697674419e-07
5.13736924909e-18
8.70697674419e-07
4.06918995289e-18
8.70697674419e-07
3.14708929125e-18
8.70697674419e-07
1.84452463413e-18
7.24246556721e-19
9.71226547594e-07
-3.09354629828e-09
9.71605215543e-07
3.88335778107e-10
9.7115033355e-07
-1.08922995052e-09
9.71215102476e-07
2.60568586529e-11
9.7115310654e-07
-1.54830234312e-10
9.71168957833e-07
2.12689826669e-11
9.71160657277e-07
-1.8501721826e-11
9.71163656576e-07
5.41492719973e-12
9.71162426069e-07
-2.46114597045e-12
9.71162927646e-07
9.82954563289e-13
9.71162732574e-07
-3.75867700426e-13
9.71162813048e-07
1.59635627293e-13
9.71162781505e-07
-6.08477417188e-14
9.71162794332e-07
2.52866566537e-14
9.71162789233e-07
-9.91051739534e-15
9.71162791284e-07
4.01775942062e-15
9.71162790463e-07
-1.60357240478e-15
9.71162790792e-07
6.42196758254e-16
9.7116279066e-07
-2.58308841588e-16
9.71162790713e-07
1.029793027e-16
9.71162790692e-07
-4.1314174516e-17
9.711627907e-07
1.69639898993e-17
9.71162790697e-07
-5.87057060399e-18
9.71162790698e-07
3.80232433041e-18
9.71162790698e-07
5.47004810546e-19
9.71162790698e-07
2.46551561673e-18
9.71162790698e-07
2.41834873804e-18
9.71162790698e-07
3.14448871149e-18
9.71162790698e-07
3.66577144153e-18
9.71162790698e-07
4.24905628207e-18
9.71162790698e-07
4.90542121563e-18
9.71162790698e-07
5.48794121361e-18
9.71162790698e-07
6.18595473913e-18
9.71162790698e-07
6.78050731765e-18
9.71162790698e-07
7.49688772267e-18
9.71162790698e-07
8.09470138352e-18
9.71162790698e-07
8.80030537324e-18
9.71162790698e-07
9.38074192037e-18
9.71162790698e-07
1.00523681235e-17
9.71162790698e-07
1.05912344494e-17
9.71162790698e-07
1.12036569303e-17
9.71162790698e-07
1.16885223365e-17
9.71162790698e-07
1.22276078566e-17
9.71162790698e-07
1.26410469801e-17
9.71162790698e-07
1.30836759007e-17
9.71162790698e-07
1.34116930108e-17
9.71162790698e-07
1.37451004589e-17
9.71162790698e-07
1.39766292447e-17
9.71162790698e-07
1.41937623672e-17
9.71162790698e-07
1.43219305559e-17
9.71162790698e-07
1.44093735288e-17
9.71162790698e-07
1.4431773444e-17
9.71162790698e-07
1.43920277428e-17
9.71162790698e-07
1.43019086436e-17
9.71162790698e-07
1.41255666261e-17
9.71162790698e-07
1.39228295835e-17
9.71162790698e-07
1.36136119219e-17
9.71162790698e-07
1.32933627941e-17
9.71162790698e-07
1.28436564868e-17
9.71162790698e-07
1.24049924811e-17
9.71162790698e-07
1.18121403549e-17
9.71162790698e-07
1.12518036389e-17
9.71162790698e-07
1.05069042528e-17
9.71162790698e-07
9.8156053088e-18
9.71162790698e-07
8.91682034535e-18
9.71162790698e-07
8.09470588566e-18
9.71162790698e-07
7.03709929702e-18
9.71162790698e-07
6.07771340861e-18
9.71162790698e-07
4.8463242152e-18
9.71162790698e-07
3.71522219432e-18
9.71162790698e-07
2.22563180684e-18
8.77901812119e-19
1.0384769599e-06
-1.57050620305e-09
1.03871214225e-06
1.53153431565e-10
1.03818445166e-06
-5.61539355029e-10
1.03820907862e-06
1.42989107226e-12
1.03813479885e-06
-8.0550465538e-11
1.03814668738e-06
9.38045814055e-12
1.03813761667e-06
-9.43101123627e-12
1.03814040607e-06
2.62552267809e-12
1.03813917033e-06
-1.22540787645e-12
1.0381396666e-06
4.86682992245e-13
1.03813947617e-06
-1.85438078888e-13
1.03813955652e-06
7.92852048355e-14
1.0381395257e-06
-3.00236739192e-14
1.03813953844e-06
1.25409704675e-14
1.03813953343e-06
-4.89952825464e-15
1.03813953546e-06
1.98910855449e-15
1.03813953465e-06
-7.9414589062e-16
1.03813953498e-06
3.17312137652e-16
1.03813953485e-06
-1.2823462615e-16
1.0381395349e-06
5.07763513342e-17
1.03813953488e-06
-2.04057629838e-17
1.03813953489e-06
8.68408372143e-18
1.03813953488e-06
-2.31885519237e-18
1.03813953488e-06
2.77210881129e-18
1.03813953488e-06
1.51729495502e-18
1.03813953488e-06
2.81845889683e-18
1.03813953488e-06
3.19866446776e-18
1.03813953488e-06
3.95207920851e-18
1.03813953488e-06
4.66622091245e-18
1.03813953488e-06
5.38277234154e-18
1.03813953488e-06
6.19373685044e-18
1.03813953488e-06
6.93062110511e-18
1.03813953488e-06
7.77649327992e-18
1.03813953488e-06
8.53153530279e-18
1.03813953488e-06
9.39332707008e-18
1.03813953488e-06
1.01434652665e-17
1.03813953488e-06
1.09869187892e-17
1.03813953488e-06
1.17108962993e-17
1.03813953488e-06
1.25102410214e-17
1.03813953488e-06
1.31812127167e-17
1.03813953488e-06
1.39062562497e-17
1.03813953488e-06
1.45058471306e-17
1.03813953488e-06
1.51411414666e-17
1.03813953488e-06
1.56482467598e-17
1.03813953488e-06
1.61702122302e-17
1.03813953488e-06
1.65693560678e-17
1.03813953488e-06
1.69604984429e-17
1.03813953488e-06
1.72391014266e-17
1.03813953488e-06
1.74900522042e-17
1.03813953488e-06
1.76426031729e-17
1.03813953488e-06
1.77407585834e-17
1.03813953488e-06
1.77580085491e-17
1.03813953488e-06
1.77059883856e-17
1.03813953488e-06
1.75861432176e-17
1.03813953488e-06
1.73726877794e-17
1.03813953488e-06
1.71115613188e-17
1.03813953488e-06
1.6738251886e-17
1.03813953488e-06
1.63332626115e-17
1.03813953488e-06
1.57935958911e-17
1.03813953488e-06
1.52410601946e-17
1.03813953488e-06
1.45319380584e-17
1.03813953488e-06
1.38266062135e-17
1.03813953488e-06
1.29359874142e-17
1.03813953488e-06
1.20669874206e-17
1.03813953488e-06
1.0987993058e-17
1.03813953488e-06
9.9523108648e-18
1.03813953488e-06
8.67908529682e-18
1.03813953488e-06
7.46674543338e-18
1.03813953488e-06
5.98544024671e-18
1.03813953488e-06
4.5669859484e-18
1.03813953488e-06
2.79910401328e-18
1.12803230861e-18
1.07211370432e-06
-5.06958518382e-19
1.07226685776e-06
-7.1655388195e-19
1.0717053184e-06
-8.73356147806e-19
1.07170674829e-06
-1.01837485654e-18
1.07162619783e-06
-1.18321382833e-18
1.07163557829e-06
-1.31984060057e-18
1.07162614728e-06
-1.46035413528e-18
1.0716287728e-06
-1.57278515464e-18
1.0716275474e-06
-1.68343017589e-18
1.07162803408e-06
-1.75050299956e-18
1.07162784864e-06
-1.79849484399e-18
1.07162792793e-06
-1.80546880265e-18
1.07162789791e-06
-1.78641102267e-18
1.07162791045e-06
-1.72402475982e-18
1.07162790555e-06
-1.62200370196e-18
1.07162790754e-06
-1.46903834353e-18
1.07162790675e-06
-1.26452141907e-18
1.07162790707e-06
-1.01722617942e-18
1.07162790694e-06
-6.96645622793e-19
1.07162790699e-06
-3.43136024063e-19
1.07162790697e-06
9.46070105699e-20
1.07162790698e-06
5.60539305956e-19
1.07162790698e-06
1.11450128633e-18
1.07162790698e-06
1.68690867332e-18
1.07162790698e-06
2.3511904757e-18
1.07162790698e-06
3.01297417684e-18
1.07162790698e-06
3.76847833e-18
1.07162790698e-06
4.51355636257e-18
1.07162790698e-06
5.3557648632e-18
1.07162790698e-06
6.16666767285e-18
1.07162790698e-06
7.06470969073e-18
1.07162790698e-06
7.91542012601e-18
1.07162790698e-06
8.84409994894e-18
1.07162790698e-06
9.7116161795e-18
1.07162790698e-06
1.06471703092e-17
1.07162790698e-06
1.15042253845e-17
1.07162790698e-06
1.24200454694e-17
1.07162790698e-06
1.3243001127e-17
1.07162790698e-06
1.41074997359e-17
1.07162790698e-06
1.48659717756e-17
1.07162790698e-06
1.56500147542e-17
1.07162790698e-06
1.63245267576e-17
1.07162790698e-06
1.70075227169e-17
1.07162790698e-06
1.75755836918e-17
1.07162790698e-06
1.81358419026e-17
1.07162790698e-06
1.85806172533e-17
1.07162790698e-06
1.89994820001e-17
1.07162790698e-06
1.93079076162e-17
1.07162790698e-06
1.9572451091e-17
1.07162790698e-06
1.97376397575e-17
1.07162790698e-06
1.98399382551e-17
1.07162790698e-06
1.98507577893e-17
1.07162790698e-06
1.97884443478e-17
1.07162790698e-06
1.96466154395e-17
1.07162790698e-06
1.94098864051e-17
1.07162790698e-06
1.91073683046e-17
1.07162790698e-06
1.86985098137e-17
1.07162790698e-06
1.82328859754e-17
1.07162790698e-06
1.76430191459e-17
1.07162790698e-06
1.70108528039e-17
1.07162790698e-06
1.62365738258e-17
1.07162790698e-06
1.54301694663e-17
1.07162790698e-06
1.44588834973e-17
1.07162790698e-06
1.34639047889e-17
1.07162790698e-06
1.22848218502e-17
1.07162790698e-06
1.10972042461e-17
1.07162790698e-06
9.70267070553e-18
1.07162790698e-06
8.30947598523e-18
1.07162790698e-06
6.68823571358e-18
1.07162790698e-06
5.0684184631e-18
1.07162790698e-06
3.15117988246e-18
1.28055587158e-18
1.07211370432e-06
1.57050620201e-09
1.07226685776e-06
-1.53153433027e-10
1.0717053184e-06
5.61539353255e-10
1.07170674829e-06
-1.42989315753e-12
1.07162619783e-06
8.05504631177e-11
1.07163557829e-06
-9.38046084544e-12
1.07162614728e-06
9.43100824057e-12
1.0716287728e-06
-2.62552590095e-12
1.0716275474e-06
1.22540442864e-12
1.07162803408e-06
-4.86686579792e-13
1.07162784864e-06
1.85434392377e-13
1.07162792793e-06
-7.92889074316e-14
1.07162789791e-06
3.00200101564e-14
1.07162791045e-06
-1.25445069156e-14
1.07162790555e-06
4.89619862021e-15
1.07162790754e-06
-1.99212730175e-15
1.07162790675e-06
7.91543187378e-16
1.07162790707e-06
-3.19407094699e-16
1.07162790694e-06
1.26790732006e-16
1.07162790699e-06
-5.14898947935e-17
1.07162790697e-06
2.05769455473e-17
1.07162790698e-06
-7.56129086619e-18
1.07162790698e-06
4.57020684014e-18
1.07162790698e-06
6.51199627585e-19
1.07162790698e-06
3.25539399633e-18
1.07162790698e-06
3.30611558142e-18
1.07162790698e-06
4.45916384585e-18
1.07162790698e-06
5.22646239249e-18
1.07162790698e-06
6.22322295293e-18
1.07162790698e-06
7.16019859088e-18
1.07162790698e-06
8.1759595851e-18
1.07162790698e-06
9.16802820527e-18
1.07162790698e-06
1.02064958022e-17
1.07162790698e-06
1.12141847524e-17
1.07162790698e-06
1.22532897189e-17
1.07162790698e-06
1.32495123072e-17
1.07162790698e-06
1.42581338606e-17
1.07162790698e-06
1.52064337688e-17
1.07162790698e-06
1.61588425938e-17
1.07162790698e-06
1.70281846324e-17
1.07162790698e-06
1.78889385518e-17
1.07162790698e-06
1.8658734724e-17
1.07162790698e-06
1.94047499332e-17
1.07162790698e-06
2.00503792334e-17
1.07162790698e-06
2.06604948953e-17
1.07162790698e-06
2.11616265975e-17
1.07162790698e-06
2.16170018438e-17
1.07162790698e-06
2.19598082546e-17
1.07162790698e-06
2.22461885472e-17
1.07162790698e-06
2.24224345702e-17
1.07162790698e-06
2.25284916311e-17
1.07162790698e-06
2.2530492119e-17
1.07162790698e-06
2.2456783351e-17
1.07162790698e-06
2.2282564068e-17
1.07162790698e-06
2.20165070098e-17
1.07162790698e-06
2.1658532671e-17
1.07162790698e-06
2.12025097044e-17
1.07162790698e-06
2.06595466914e-17
1.07162790698e-06
2.00046920511e-17
1.07162790698e-06
1.92700157354e-17
1.07162790698e-06
1.84128638233e-17
1.07162790698e-06
1.74785666436e-17
1.07162790698e-06
1.64029552432e-17
1.07162790698e-06
1.52508562753e-17
1.07162790698e-06
1.39439596273e-17
1.07162790698e-06
1.25656038102e-17
1.07162790698e-06
1.10167516652e-17
1.07162790698e-06
9.3974545736e-18
1.07162790698e-06
7.59622718404e-18
1.07162790698e-06
5.7233776712e-18
1.07162790698e-06
3.6171822712e-18
1.48133541884e-18
1.0384769599e-06
3.09354629731e-09
1.03871214225e-06
-3.88335779491e-10
1.03818445166e-06
1.08922994884e-09
1.03820907862e-06
-2.60568606405e-11
1.03813479885e-06
1.5483023201e-10
1.03814668738e-06
-2.12689852374e-11
1.03813761667e-06
1.85017189827e-11
1.03814040607e-06
-5.41493026282e-12
1.03813917033e-06
2.46114269517e-12
1.0381396666e-06
-9.82957970886e-13
1.03813947617e-06
3.75864198888e-13
1.03813955652e-06
-1.59639144415e-13
1.0381395257e-06
6.08442631032e-14
1.03813953844e-06
-2.52900120421e-14
1.03813953343e-06
9.90735928841e-15
1.03813953546e-06
-4.02062238493e-15
1.03813953465e-06
1.60110674912e-15
1.03813953498e-06
-6.44179677566e-16
1.03813953485e-06
2.56945998509e-16
1.0381395349e-06
-1.03650901132e-16
1.03813953488e-06
4.14849250345e-17
1.03813953489e-06
-1.58857449897e-17
1.03813953488e-06
8.01382266241e-18
1.03813953488e-06
-5.45716078628e-19
1.03813953488e-06
3.98356306072e-18
1.03813953488e-06
3.34922760244e-18
1.03813953488e-06
4.84822522945e-18
1.03813953488e-06
5.56648002325e-18
1.03813953488e-06
6.65452758716e-18
1.03813953488e-06
7.64147863964e-18
1.03813953488e-06
8.70581622154e-18
1.03813953488e-06
9.76783458061e-18
1.03813953488e-06
1.0844882447e-17
1.03813953488e-06
1.19197477883e-17
1.03813953488e-06
1.29933775115e-17
1.03813953488e-06
1.40487869967e-17
1.03813953488e-06
1.50874271858e-17
1.03813953488e-06
1.60903167677e-17
1.03813953488e-06
1.70688420969e-17
1.03813953488e-06
1.79845564619e-17
1.03813953488e-06
1.88655550873e-17
1.03813953488e-06
1.96725308972e-17
1.03813953488e-06
2.04330183723e-17
1.03813953488e-06
2.11065002414e-17
1.03813953488e-06
2.17276620262e-17
1.03813953488e-06
2.22484491835e-17
1.03813953488e-06
2.27080206878e-17
1.03813953488e-06
2.30610081596e-17
1.03813953488e-06
2.33476380809e-17
1.03813953488e-06
2.3525616577e-17
1.03813953488e-06
2.36275507248e-17
1.03813953488e-06
2.36218488824e-17
1.03813953488e-06
2.35383990434e-17
1.03813953488e-06
2.33468072802e-17
1.03813953488e-06
2.30659721573e-17
1.03813953488e-06
2.26813349188e-17
1.03813953488e-06
2.22060596001e-17
1.03813953488e-06
2.16270659352e-17
1.03813953488e-06
2.0947606024e-17
1.03813953488e-06
2.01664264684e-17
1.03813953488e-06
1.9278821167e-17
1.03813953488e-06
1.82867568808e-17
1.03813953488e-06
1.71751375553e-17
1.03813953488e-06
1.59526772065e-17
1.03813953488e-06
1.46001798663e-17
1.03813953488e-06
1.31353054476e-17
1.03813953488e-06
1.15298657379e-17
1.03813953488e-06
9.80654537317e-18
1.03813953488e-06
7.94084267266e-18
1.03813953488e-06
5.95582534252e-18
1.03813953488e-06
3.78963729206e-18
1.56528925942e-18
9.71226547594e-07
4.49857765088e-09
9.71605215543e-07
-7.67003729195e-10
9.7115033355e-07
1.54411194235e-09
9.71215102476e-07
-9.08257868595e-11
9.7115310654e-07
2.16826167776e-10
9.71168957833e-07
-3.71202783549e-11
9.71160657277e-07
2.68022747445e-11
9.71163656576e-07
-8.41422888215e-12
9.71162426069e-07
3.69164902646e-12
9.71162927646e-07
-1.48453461018e-12
9.71162732574e-07
5.70935442333e-13
9.71162813048e-07
-2.40113677571e-13
9.71162781505e-07
9.23877702622e-14
9.71162794332e-07
-3.81172620326e-14
9.71162789233e-07
1.50057548216e-14
9.71162791284e-07
-6.0717191657e-15
9.71162790463e-07
2.42200674232e-15
9.71162790792e-07
-9.73233432381e-16
9.7116279066e-07
3.88781266252e-16
9.71162790713e-07
-1.56528358427e-16
9.71162790692e-07
6.26450794945e-17
9.711627907e-07
-2.43416258406e-17
9.71162790697e-07
1.14809269504e-17
9.71162790698e-07
-1.78410508546e-18
9.71162790698e-07
4.69159391474e-18
9.71162790698e-07
3.35879576822e-18
9.71162790698e-07
5.20167393844e-18
9.71162790698e-07
5.86826572822e-18
9.71162790698e-07
7.04287843477e-18
9.71162790698e-07
8.08273728858e-18
9.71162790698e-07
9.18854231782e-18
9.71162790698e-07
1.03158128824e-17
9.71162790698e-07
1.14267719454e-17
9.71162790698e-07
1.25660690439e-17
9.71162790698e-07
1.36703406118e-17
9.71162790698e-07
1.47825705117e-17
9.71162790698e-07
1.58473048317e-17
9.71162790698e-07
1.69022299815e-17
9.71162790698e-07
1.78995512017e-17
9.71162790698e-07
1.88600073864e-17
9.71162790698e-07
1.97562962173e-17
9.71162790698e-07
2.0598575919e-17
9.71162790698e-07
2.13695107743e-17
9.71162790698e-07
2.20704959038e-17
9.71162790698e-07
2.26981730599e-17
9.71162790698e-07
2.32356744936e-17
9.71162790698e-07
2.36999041192e-17
9.71162790698e-07
2.40605536914e-17
9.71162790698e-07
2.43453946992e-17
9.71162790698e-07
2.45215067264e-17
9.71162790697e-07
2.46191441275e-17
9.71162790697e-07
2.46041645052e-17
9.71162790697e-07
2.45124940927e-17
9.71162790697e-07
2.4300378695e-17
9.71162790697e-07
2.40090302686e-17
9.71162790697e-07
2.35968780429e-17
9.71162790697e-07
2.31047956476e-17
9.71162790697e-07
2.24904881805e-17
9.71162790697e-07
2.17922757993e-17
9.71162790697e-07
2.09659003137e-17
9.71162790697e-07
2.00550721736e-17
9.71162790697e-07
1.90077445071e-17
9.71162790697e-07
1.78678604574e-17
9.71162790697e-07
1.65797389335e-17
9.71162790697e-07
1.51926113621e-17
9.71162790697e-07
1.36466561561e-17
9.71162790697e-07
1.19976940881e-17
9.71162790697e-07
1.01767362465e-17
9.71162790697e-07
8.26036741903e-18
9.71162790697e-07
6.16947959559e-18
9.71162790697e-07
3.95984515636e-18
1.64099260974e-18
8.70417716171e-07
5.65980884804e-09
8.7094938082e-07
-1.2986683781e-09
8.70619171595e-07
1.874321168e-09
8.70726881276e-07
-1.98535468175e-10
8.70683343975e-07
2.60363468512e-10
8.70702377789e-07
-5.6154092533e-11
8.70695483554e-07
3.36965104361e-11
8.70698478572e-07
-1.14092471628e-11
8.70697337813e-07
4.83240839633e-12
8.70697807487e-07
-1.95420842183e-12
8.70697621196e-07
7.57225991236e-13
8.70697695925e-07
-3.14842439216e-13
8.70697665879e-07
1.22433594388e-13
8.70697677867e-07
-5.01055030248e-14
8.70697673044e-07
1.982895783e-14
8.70697674971e-07
-7.99905183919e-15
8.70697674198e-07
3.19581409286e-15
8.70697674507e-07
-1.28302359179e-15
8.70697674383e-07
5.12984360149e-16
8.70697674433e-07
-2.06303721889e-16
8.70697674413e-07
8.25753587629e-17
8.70697674421e-07
-3.23562810174e-17
8.70697674418e-07
1.46458822001e-17
8.70697674419e-07
-3.11899928315e-18
8.70697674419e-07
5.13518933339e-18
8.70697674419e-07
3.06694625334e-18
8.70697674419e-07
5.17554926287e-18
8.70697674419e-07
5.70473188723e-18
8.70697674419e-07
6.89584769103e-18
8.70697674419e-07
7.89126420135e-18
8.70697674419e-07
8.96986917671e-18
8.70697674419e-07
1.00624561498e-17
8.70697674419e-07
1.1138781832e-17
8.70697674419e-07
1.2244549223e-17
8.70697674419e-07
1.33075660096e-17
8.70697674419e-07
1.43856639072e-17
8.70697674419e-07
1.54056405429e-17
8.70697674419e-07
1.64239266848e-17
8.70697674419e-07
1.73766790728e-17
8.70697674419e-07
1.83053052199e-17
8.70697674419e-07
1.9159617444e-17
8.70697674419e-07
1.99691382489e-17
8.70697674419e-07
2.07015227178e-17
8.70697674419e-07
2.13748889437e-17
8.70697674419e-07
2.19672695105e-17
8.70697674419e-07
2.24825545736e-17
8.70697674419e-07
2.29183670991e-17
8.70697674419e-07
2.32618395872e-17
8.70697674418e-07
2.3526122202e-17
8.70697674418e-07
2.36907634489e-17
8.70697674418e-07
2.37755318148e-17
8.70697674418e-07
2.37550029277e-17
8.70697674418e-07
2.36577043047e-17
8.70697674418e-07
2.34469827376e-17
8.70697674418e-07
2.31615748327e-17
8.70697674418e-07
2.27585351929e-17
8.70697674418e-07
2.22825880601e-17
8.70697674418e-07
2.16832676453e-17
8.70697674418e-07
2.10102500784e-17
8.70697674418e-07
2.0207270582e-17
8.70697674418e-07
1.93315884509e-17
8.70697674418e-07
1.83152487801e-17
8.70697674418e-07
1.72210800485e-17
8.70697674418e-07
1.59720091176e-17
8.70697674418e-07
1.46401767181e-17
8.70697674418e-07
1.31408303582e-17
8.70697674418e-07
1.15559691443e-17
8.70697674418e-07
9.78764254125e-18
8.70697674418e-07
7.94638592442e-18
8.70697674418e-07
5.9209509007e-18
8.70697674418e-07
3.80378844864e-18
1.58956941174e-18
7.36157474151e-07
6.34443996051e-09
7.36745684099e-07
-1.88687832657e-09
7.366174338e-07
2.00257146701e-09
7.3674586961e-07
-3.26971277806e-10
7.36728858662e-07
2.77374416965e-10
7.36746654022e-07
-7.39494523357e-11
7.36742443327e-07
3.79072051362e-11
7.36744771633e-07
-1.37375531258e-11
7.3674394874e-07
5.65530201619e-12
7.36744287569e-07
-2.2930376728e-12
7.36744148664e-07
8.96130784447e-13
7.3674420219e-07
-3.68367819652e-13
7.36744179916e-07
1.44707993752e-13
7.36744188589e-07
-5.87781419031e-14
7.36744185046e-07
2.33715245123e-14
7.36744186451e-07
-9.40345706671e-15
7.36744185885e-07
3.76155694478e-15
7.36744186111e-07
-1.50931253195e-15
7.36744186021e-07
6.03713538083e-16
7.36744186057e-07
-2.42666702416e-16
7.36744186043e-07
9.71132887059e-17
7.36744186048e-07
-3.8261844233e-17
7.36744186046e-07
1.68708147634e-17
7.36744186047e-07
-4.22057752934e-18
7.36744186047e-07
5.28605692098e-18
7.36744186047e-07
2.63326817236e-18
7.36744186047e-07
4.88530178984e-18
7.36744186047e-07
5.26302650441e-18
7.36744186047e-07
6.40904482767e-18
7.36744186047e-07
7.31849303834e-18
7.36744186047e-07
8.31879580636e-18
7.36744186047e-07
9.33225201181e-18
7.36744186047e-07
1.03211608171e-17
7.36744186047e-07
1.13492053636e-17
7.36744186047e-07
1.2323740221e-17
7.36744186047e-07
1.332134173e-17
7.36744186047e-07
1.42554778158e-17
7.36744186047e-07
1.51966547207e-17
7.36744186047e-07
1.60643450086e-17
7.36744186047e-07
1.69202753538e-17
7.36744186047e-07
1.76987649934e-17
7.36744186047e-07
1.84428817122e-17
7.36744186047e-07
1.91067832881e-17
7.36744186047e-07
1.97244480001e-17
7.36744186047e-07
2.02601611584e-17
7.36744186047e-07
2.07316025229e-17
7.36744186046e-07
2.11229410535e-17
7.36744186046e-07
2.14342490951e-17
7.36744186046e-07
2.16690956946e-17
7.36744186046e-07
2.18158496641e-17
7.36744186046e-07
2.18883708391e-17
7.36744186046e-07
2.18629013478e-17
7.36744186046e-07
2.17699104235e-17
7.36744186046e-07
2.15681385128e-17
7.36744186046e-07
2.13032130614e-17
7.36744186046e-07
2.09262244674e-17
7.36744186046e-07
2.04887873476e-17
7.36744186046e-07
1.99309907696e-17
7.36744186046e-07
1.93137048893e-17
7.36744186046e-07
1.85696583439e-17
7.36744186046e-07
1.77683841599e-17
7.36744186046e-07
1.6827976947e-17
7.36744186046e-07
1.5827985728e-17
7.36744186046e-07
1.46738991315e-17
7.36744186046e-07
1.34573097974e-17
7.36744186046e-07
1.20710246003e-17
7.36744186046e-07
1.06211804183e-17
7.36744186046e-07
8.98593472919e-18
7.36744186046e-07
7.30184437956e-18
7.36744186046e-07
5.42986704713e-18
7.36744186046e-07
3.49802500734e-18
1.46473011402e-18
5.68648157724e-07
6.11733486838e-09
5.68985259027e-07
-2.2239796296e-09
5.69186058037e-07
1.80177245759e-09
5.69270009579e-07
-4.10922820333e-10
5.6929445488e-07
2.52929116179e-10
5.69300771207e-07
-8.02657782975e-11
5.69302107245e-07
3.65711670119e-11
5.69302324672e-07
-1.39549795155e-11
5.69302340791e-07
5.63918351005e-12
5.69302332602e-07
-2.28484858513e-12
5.69302328117e-07
9.00616800972e-13
5.6930232626e-07
-3.66510883914e-13
5.69302325767e-07
1.4520205787e-13
5.69302325613e-07
-5.86244028523e-14
5.69302325589e-07
2.33962837549e-14
5.69302325581e-07
-9.39515975728e-15
5.69302325582e-07
3.76142982587e-15
5.69302325581e-07
-1.50876250051e-15
5.69302325582e-07
6.03639688894e-16
5.69302325582e-07
-2.42554177362e-16
5.69302325582e-07
9.70613447064e-17
5.69302325582e-07
-3.83887679177e-17
5.69302325582e-07
1.66105452839e-17
5.69302325582e-07
-4.61765676628e-18
5.69302325582e-07
4.7418195465e-18
5.69302325582e-07
1.92849903157e-18
5.69302325582e-07
4.01802046732e-18
5.69302325582e-07
4.21519803915e-18
5.69302325582e-07
5.18440082686e-18
5.69302325582e-07
5.90084083709e-18
5.69302325582e-07
6.71187166753e-18
5.69302325582e-07
7.5271209733e-18
5.69302325582e-07
8.32292530489e-18
5.69302325582e-07
9.15018480132e-18
5.69302325582e-07
9.93277124334e-18
5.69302325582e-07
1.073843245e-17
5.69302325582e-07
1.14834157708e-17
5.69302325582e-07
1.22402538241e-17
5.69302325582e-07
1.29347161853e-17
5.69302325582e-07
1.36209524373e-17
5.69302325582e-07
1.42409454999e-17
5.69302325582e-07
1.4837892458e-17
5.69302325582e-07
1.53658804395e-17
5.69302325582e-07
1.58589938611e-17
5.69302325581e-07
1.6284253387e-17
5.69302325581e-07
1.66596417452e-17
5.69302325581e-07
1.69689806086e-17
5.69302325581e-07
1.72160216026e-17
5.69302325581e-07
1.73988415276e-17
5.69302325581e-07
1.75139071743e-17
5.69302325581e-07
1.75671474566e-17
5.69302325581e-07
1.75443180527e-17
5.69302325581e-07
1.74646357621e-17
5.69302325581e-07
1.72996945568e-17
5.69302325581e-07
1.70851380508e-17
5.69302325581e-07
1.67797373277e-17
5.69302325581e-07
1.64265281529e-17
5.69302325581e-07
1.59767750481e-17
5.69302325581e-07
1.5480934831e-17
5.69302325581e-07
1.48827268637e-17
5.69302325581e-07
1.42398975824e-17
5.69302325581e-07
1.34848096023e-17
5.69302325581e-07
1.26845282859e-17
5.69302325581e-07
1.17575407916e-17
5.69302325581e-07
1.07844111819e-17
5.69302325581e-07
9.67052562181e-18
5.69302325581e-07
8.51008534443e-18
5.69302325581e-07
7.1958901657e-18
5.69302325581e-07
5.84768508713e-18
5.69302325581e-07
4.34493011561e-18
5.69302325581e-07
2.79847826814e-18
1.17110271494e-18
3.68324430601e-07
4.10869374109e-09
3.67615698453e-07
-1.51524748095e-09
3.68400061561e-07
1.01740934936e-09
3.68283582151e-07
-2.94443409788e-10
3.68389162451e-07
1.47348817121e-10
3.68361496215e-07
-5.25995414319e-11
3.68375775067e-07
2.22923151651e-11
3.68370595278e-07
-8.77518991169e-12
3.68372720871e-07
3.51359170181e-12
3.68371856153e-07
-1.4201301944e-12
3.68372193207e-07
5.63563835865e-13
3.68372054414e-07
-2.27716814205e-13
3.68372108884e-07
9.07324168325e-14
3.6837208675e-07
-3.64896517756e-14
3.68372095551e-07
1.45960156029e-14
3.68372092011e-07
-5.85464998542e-15
3.68372093429e-07
2.3449077643e-15
3.68372092861e-07
-9.40541356723e-16
3.68372093089e-07
3.76266283696e-16
3.68372092997e-07
-1.51208581643e-16
3.68372093034e-07
6.04923477794e-17
3.68372093019e-07
-2.39564110335e-17
3.68372093025e-07
1.0309695847e-17
3.68372093023e-07
-2.94403116261e-18
3.68372093024e-07
2.87011848569e-18
3.68372093023e-07
1.09256803574e-18
3.68372093024e-07
2.372237529e-18
3.68372093024e-07
2.46925484044e-18
3.68372093024e-07
3.04656771818e-18
3.68372093024e-07
3.46504463119e-18
3.68372093024e-07
3.94324381596e-18
3.68372093024e-07
4.42209086862e-18
3.68372093024e-07
4.88799108734e-18
3.68372093024e-07
5.37633964672e-18
3.68372093024e-07
5.83474098605e-18
3.68372093024e-07
6.30742157553e-18
3.68372093024e-07
6.74516126081e-18
3.68372093024e-07
7.1891434134e-18
3.68372093024e-07
7.59386149612e-18
3.68372093023e-07
7.99649947914e-18
3.68372093023e-07
8.3589729309e-18
3.68372093023e-07
8.70908614795e-18
3.68372093023e-07
9.01560321234e-18
3.68372093023e-07
9.30450968381e-18
3.68372093023e-07
9.55065523084e-18
3.68372093023e-07
9.77055930971e-18
3.68372093023e-07
9.94972020792e-18
3.68372093023e-07
1.00935767776e-17
3.68372093023e-07
1.01989852712e-17
3.68372093023e-07
1.02645575067e-17
3.68372093023e-07
1.0293629005e-17
3.68372093023e-07
1.02788957666e-17
3.68372093023e-07
1.02317340476e-17
3.68372093023e-07
1.01334173818e-17
3.68372093023e-07
1.00054663099e-17
3.68372093023e-07
9.82556707985e-18
3.68372093023e-07
9.61839922016e-18
3.68372093023e-07
9.35365082741e-18
3.68372093023e-07
9.06359587062e-18
3.68372093023e-07
8.71154716272e-18
3.68372093023e-07
8.33596145741e-18
3.68372093023e-07
7.89346945882e-18
3.68372093023e-07
7.42546579335e-18
3.68372093023e-07
6.8825158488e-18
3.68372093023e-07
6.31437334732e-18
3.68372093023e-07
5.6607116718e-18
3.68372093023e-07
4.98224708908e-18
3.68372093023e-07
4.21201647689e-18
3.68372093023e-07
3.42441161008e-18
3.68372093023e-07
2.54391129572e-18
3.68372093023e-07
1.64113745307e-18
6.83614362555e-19
1.34635009531e-07
1.3311976205e-07
1.341371714e-07
1.33842727991e-07
1.33990076809e-07
1.33937477268e-07
1.33959769584e-07
1.33950994396e-07
1.33954507988e-07
1.33953087859e-07
1.33953651424e-07
1.33953423709e-07
1.33953514442e-07
1.33953477954e-07
1.33953492551e-07
1.33953486697e-07
1.33953489043e-07
1.33953488103e-07
1.3395348848e-07
1.33953488329e-07
1.3395348839e-07
1.33953488365e-07
1.33953488375e-07
1.33953488371e-07
1.33953488373e-07
1.33953488372e-07
1.33953488372e-07
1.33953488372e-07
1.33953488372e-07
1.33953488372e-07
1.33953488372e-07
1.33953488372e-07
1.33953488372e-07
1.33953488372e-07
1.33953488372e-07
1.33953488372e-07
1.33953488372e-07
1.33953488372e-07
1.33953488372e-07
1.33953488372e-07
1.33953488372e-07
1.33953488372e-07
1.33953488372e-07
1.33953488372e-07
1.33953488372e-07
1.33953488372e-07
1.33953488372e-07
1.33953488372e-07
1.33953488372e-07
1.33953488372e-07
1.33953488372e-07
1.33953488372e-07
1.33953488372e-07
1.33953488372e-07
1.33953488372e-07
1.33953488372e-07
1.33953488372e-07
1.33953488372e-07
1.33953488372e-07
1.33953488372e-07
1.33953488372e-07
1.33953488372e-07
1.33953488372e-07
1.33953488372e-07
1.33953488372e-07
1.33953488372e-07
1.33953488372e-07
1.33953488372e-07
1.33953488372e-07
1.33953488372e-07
1.33953488372e-07
)
;

boundaryField
{
    inlet
    {
        type            calculated;
        value           nonuniform List<scalar> 
16
(
-1.30526315789e-07
-3.66315789474e-07
-5.68421052632e-07
-7.36842105263e-07
-8.71578947368e-07
-9.72631578947e-07
-1.04e-06
-1.07368421053e-06
-1.07368421053e-06
-1.04e-06
-9.72631578947e-07
-8.71578947368e-07
-7.36842105263e-07
-5.68421052632e-07
-3.66315789474e-07
-1.30526315789e-07
)
;
    }
    outlet
    {
        type            calculated;
        value           nonuniform List<scalar> 
16
(
1.33953488372e-07
3.68372093024e-07
5.69302325582e-07
7.36744186047e-07
8.70697674419e-07
9.71162790698e-07
1.03813953488e-06
1.07162790698e-06
1.07162790698e-06
1.03813953488e-06
9.71162790697e-07
8.70697674418e-07
7.36744186046e-07
5.69302325581e-07
3.68372093023e-07
1.33953488372e-07
)
;
    }
    walls
    {
        type            calculated;
        value           uniform 0;
    }
    frontAndBack
    {
        type            empty;
        value           nonuniform 0();
    }
}


// ************************************************************************* //
