/*--------------------------------*- C++ -*----------------------------------*\
| =========                 |                                                 |
| \\      /  F ield         | OpenFOAM: The Open Source CFD Toolbox           |
|  \\    /   O peration     | Version:                                        |
|   \\  /    A nd           | Website:  www.openfoam.com                      |
|    \\/     M anipulation  |                                                 |
\*---------------------------------------------------------------------------*/
FoamFile
{
    version     2.0;
    format      ascii;
    class       volVectorField;
    location    "600";
    object      U;
}
// * * * * * * * * * * * * * * * * * * * * * * * * * * * * * * * * * * * * * //

dimensions      [0 1 -1 0 0 0 0];


internalField   nonuniform List<vector> 
1152
(
(0.00209651914794 -4.37079487668e-06 0)
(0.00227506407187 7.64617961555e-06 0)
(0.00221081714958 -3.69300900632e-06 0)
(0.00224008835678 1.3463801487e-06 0)
(0.00222931046129 -5.68573909604e-07 0)
(0.00223381648868 2.21957828764e-07 0)
(0.00223204927878 -8.97578929493e-08 0)
(0.00223276249904 3.59365387247e-08 0)
(0.0022324767836 -1.43627523889e-08 0)
(0.00223259096778 5.77594269714e-09 0)
(0.00223254505628 -2.30762233654e-09 0)
(0.00223256340239 9.26829432925e-10 0)
(0.00223255603506 -3.70919775534e-10 0)
(0.0022325589838 1.48753467987e-10 0)
(0.00223255780131 -5.95964489431e-11 0)
(0.00223255827508 2.38840898428e-11 0)
(0.00223255808521 -9.57258629099e-12 0)
(0.0022325581613 3.83555660709e-12 0)
(0.00223255813081 -1.53744818129e-12 0)
(0.00223255814303 6.15979350156e-13 0)
(0.00223255813813 -2.46833607671e-13 0)
(0.0022325581401 9.90655715027e-14 0)
(0.00223255813931 -3.93504253574e-14 0)
(0.00223255813963 1.62865330895e-14 0)
(0.0022325581395 -5.76220364739e-15 0)
(0.00223255813955 3.27741410703e-15 0)
(0.00223255813953 -4.1044457392e-17 0)
(0.00223255813954 1.53603393185e-15 0)
(0.00223255813953 1.25909847255e-15 0)
(0.00223255813954 1.65708513548e-15 0)
(0.00223255813953 1.90476463559e-15 0)
(0.00223255813953 2.13131218516e-15 0)
(0.00223255813953 2.46216814572e-15 0)
(0.00223255813953 2.66892551469e-15 0)
(0.00223255813953 3.03662357492e-15 0)
(0.00223255813953 3.2428202263e-15 0)
(0.00223255813953 3.60534699083e-15 0)
(0.00223255813953 3.82030767111e-15 0)
(0.00223255813953 4.16572027399e-15 0)
(0.00223255813953 4.36755598242e-15 0)
(0.00223255813953 4.68922883631e-15 0)
(0.00223255813953 4.86918099074e-15 0)
(0.00223255813953 5.153600934e-15 0)
(0.00223255813953 5.31119689126e-15 0)
(0.00223255813953 5.55059083841e-15 0)
(0.00223255813953 5.67208049911e-15 0)
(0.00223255813953 5.84629602324e-15 0)
(0.00223255813953 5.9471235154e-15 0)
(0.00223255813953 6.06135415956e-15 0)
(0.00223255813953 6.11585765708e-15 0)
(0.00223255813953 6.1654219903e-15 0)
(0.00223255813953 6.1784487615e-15 0)
(0.00223255813953 6.16248217134e-15 0)
(0.00223255813953 6.13206463175e-15 0)
(0.00223255813953 6.04354537775e-15 0)
(0.00223255813953 5.97505463142e-15 0)
(0.00223255813954 5.82123458746e-15 0)
(0.00223255813954 5.70675323735e-15 0)
(0.00223255813954 5.47772630854e-15 0)
(0.00223255813954 5.32605724251e-15 0)
(0.00223255813954 5.03139715159e-15 0)
(0.00223255813954 4.82538340161e-15 0)
(0.00223255813954 4.45931873826e-15 0)
(0.00223255813954 4.21308993207e-15 0)
(0.00223255813954 3.75897079505e-15 0)
(0.00223255813954 3.47970489761e-15 0)
(0.00223255813954 2.9527387862e-15 0)
(0.00223255813954 2.62836763099e-15 0)
(0.00223255813954 2.01811957664e-15 0)
(0.00223255813954 1.62390357007e-15 0)
(0.00223255813954 8.72180015607e-16 0)
(0.00223255813954 3.82226220139e-16 0)
(0.00587214178372 -2.70021013506e-05 0)
(0.00623183866406 9.59583379628e-06 0)
(0.00609552731724 -7.3135024247e-06 0)
(0.006154932015 1.854805622e-06 0)
(0.00613284264744 -1.030414946e-06 0)
(0.00614210371412 3.48090557978e-07 0)
(0.00613848763161 -1.52220572874e-07 0)
(0.00613995326206 5.92038067089e-08 0)
(0.00613936783614 -2.37591006632e-08 0)
(0.00613960220456 9.6266419016e-09 0)
(0.00613950804616 -3.80551220855e-09 0)
(0.00613954568145 1.54326191403e-09 0)
(0.00613953056753 -6.13238982691e-10 0)
(0.00613953661588 2.47050258132e-10 0)
(0.00613953418999 -9.8736047935e-11 0)
(0.00613953516178 3.96109331005e-11 0)
(0.00613953477228 -1.58725456155e-11 0)
(0.00613953492838 6.35845684491e-12 0)
(0.00613953486582 -2.54970226549e-12 0)
(0.00613953489089 1.0211442897e-12 0)
(0.00613953488085 -4.09226325275e-13 0)
(0.00613953488487 1.64441320473e-13 0)
(0.00613953488326 -6.48589545374e-14 0)
(0.00613953488391 2.75313693099e-14 0)
(0.00613953488365 -8.7918767952e-15 0)
(0.00613953488375 6.37770137423e-15 0)
(0.00613953488371 1.1410369944e-15 0)
(0.00613953488373 3.96643442617e-15 0)
(0.00613953488372 3.83952579159e-15 0)
(0.00613953488372 4.7422103343e-15 0)
(0.00613953488372 5.50992240682e-15 0)
(0.00613953488372 6.15583622656e-15 0)
(0.00613953488372 7.09213488015e-15 0)
(0.00613953488372 7.70781098409e-15 0)
(0.00613953488372 8.7249894553e-15 0)
(0.00613953488372 9.35750427858e-15 0)
(0.00613953488372 1.03695144186e-14 0)
(0.00613953488372 1.10096329138e-14 0)
(0.00613953488372 1.19777737479e-14 0)
(0.00613953488372 1.25848720313e-14 0)
(0.00613953488372 1.3477445125e-14 0)
(0.00613953488372 1.40177717745e-14 0)
(0.00613953488372 1.48063561228e-14 0)
(0.00613953488372 1.52804238449e-14 0)
(0.00613953488372 1.59434448733e-14 0)
(0.00613953488372 1.6309593296e-14 0)
(0.00613953488372 1.68069930652e-14 0)
(0.00613953488372 1.70832314998e-14 0)
(0.00613953488372 1.74087922908e-14 0)
(0.00613953488372 1.75742002292e-14 0)
(0.00613953488372 1.77078858725e-14 0)
(0.00613953488372 1.775737068e-14 0)
(0.00613953488372 1.7710928012e-14 0)
(0.00613953488372 1.7623906041e-14 0)
(0.00613953488372 1.73818022762e-14 0)
(0.00613953488372 1.71672018199e-14 0)
(0.00613953488372 1.67354823937e-14 0)
(0.00613953488372 1.63932796277e-14 0)
(0.00613953488372 1.5757199208e-14 0)
(0.00613953488372 1.52927053843e-14 0)
(0.00613953488372 1.44564411997e-14 0)
(0.00613953488372 1.38458352803e-14 0)
(0.00613953488372 1.28109854607e-14 0)
(0.00613953488372 1.20769120783e-14 0)
(0.00613953488372 1.08114840672e-14 0)
(0.00613953488372 9.95578829764e-15 0)
(0.00613953488372 8.49076103794e-15 0)
(0.00613953488372 7.50798246667e-15 0)
(0.00613953488372 5.79467944886e-15 0)
(0.00613953488372 4.58406857229e-15 0)
(0.00613953488372 2.45054063095e-15 0)
(0.00613953488373 1.00744643735e-15 0)
(0.00916531170687 -3.36687641796e-05 0)
(0.00961037175223 1.05040029094e-05 0)
(0.00943370156898 -9.83218418114e-06 0)
(0.00950810629814 1.90191355962e-06 0)
(0.00947988927556 -1.36426863354e-06 0)
(0.00949163418675 3.9858473347e-07 0)
(0.00948703923505 -1.91623049635e-07 0)
(0.00948890294963 7.1459702812e-08 0)
(0.00948815955035 -2.90937244682e-08 0)
(0.00948845758063 1.18015452106e-08 0)
(0.00948833797201 -4.63101640675e-09 0)
(0.00948838581264 1.89391152336e-09 0)
(0.00948836660755 -7.47317906211e-10 0)
(0.00948837429438 3.02555807e-10 0)
(0.00948837121144 -1.20560516966e-10 0)
(0.00948837244641 4.84394260134e-11 0)
(0.00948837195141 -1.9399598687e-11 0)
(0.00948837214977 7.77138399336e-12 0)
(0.00948837207028 -3.11709429475e-12 0)
(0.00948837210214 1.24794642627e-12 0)
(0.00948837208937 -5.0018264612e-13 0)
(0.00948837209449 2.01174614728e-13 0)
(0.00948837209244 -7.89190920196e-14 0)
(0.00948837209326 3.41680494941e-14 0)
(0.00948837209293 -1.00082774834e-14 0)
(0.00948837209306 8.70710823414e-15 0)
(0.00948837209301 2.56418293232e-15 0)
(0.00948837209303 6.24145898073e-15 0)
(0.00948837209302 6.38684613985e-15 0)
(0.00948837209303 7.72511699345e-15 0)
(0.00948837209302 8.98780401697e-15 0)
(0.00948837209302 1.00418896631e-14 0)
(0.00948837209302 1.15335896052e-14 0)
(0.00948837209302 1.25728676943e-14 0)
(0.00948837209302 1.41442672101e-14 0)
(0.00948837209302 1.52176251727e-14 0)
(0.00948837209302 1.68018500498e-14 0)
(0.00948837209302 1.78632294653e-14 0)
(0.00948837209302 1.937724511e-14 0)
(0.00948837209302 2.03889340801e-14 0)
(0.00948837209302 2.17759944768e-14 0)
(0.00948837209302 2.2681975775e-14 0)
(0.00948837209302 2.39194736417e-14 0)
(0.00948837209302 2.47064789199e-14 0)
(0.00948837209302 2.5732660488e-14 0)
(0.00948837209302 2.63641751088e-14 0)
(0.00948837209302 2.71449535831e-14 0)
(0.00948837209302 2.75848467206e-14 0)
(0.00948837209302 2.81049257283e-14 0)
(0.00948837209302 2.83712982112e-14 0)
(0.00948837209302 2.85869176097e-14 0)
(0.00948837209302 2.86637457803e-14 0)
(0.00948837209302 2.85921958607e-14 0)
(0.00948837209302 2.8453805967e-14 0)
(0.00948837209302 2.80707250743e-14 0)
(0.00948837209302 2.77208915638e-14 0)
(0.00948837209302 2.70391428687e-14 0)
(0.00948837209302 2.64704110048e-14 0)
(0.00948837209302 2.54770673677e-14 0)
(0.00948837209302 2.46818729034e-14 0)
(0.00948837209302 2.33725593702e-14 0)
(0.00948837209302 2.23656035627e-14 0)
(0.00948837209302 2.07185736691e-14 0)
(0.00948837209302 1.9497230945e-14 0)
(0.00948837209302 1.75192231833e-14 0)
(0.00948837209302 1.6064879714e-14 0)
(0.00948837209302 1.37727492593e-14 0)
(0.00948837209302 1.21167889752e-14 0)
(0.00948837209302 9.42449035367e-15 0)
(0.00948837209303 7.3858718135e-15 0)
(0.00948837209303 4.03375392568e-15 0)
(0.00948837209303 1.5674271974e-15 0)
(0.0119366805675 -3.13940533541e-05 0)
(0.0124190869371 8.11958044524e-06 0)
(0.0122200980175 -1.00179993066e-05 0)
(0.0123013998378 1.32924979538e-06 0)
(0.0122697262214 -1.38690149237e-06 0)
(0.0122827095108 3.33069516409e-07 0)
(0.0122775888538 -1.84168689306e-07 0)
(0.0122796595274 6.45829752282e-08 0)
(0.0122788331793 -2.69415570632e-08 0)
(0.0122791647139 1.09146311724e-08 0)
(0.0122790317995 -4.2465506613e-09 0)
(0.0122790850137 1.75562337468e-09 0)
(0.0122790636667 -6.86240344393e-10 0)
(0.0122790722147 2.79746282404e-10 0)
(0.0122790687872 -1.10997707243e-10 0)
(0.0122790701604 4.46975980343e-11 0)
(0.01227906961 -1.78853443957e-11 0)
(0.0122790698305 7.16516696058e-12 0)
(0.0122790697422 -2.87505700874e-12 0)
(0.0122790697776 1.15039809402e-12 0)
(0.0122790697634 -4.6116077783e-13 0)
(0.0122790697691 1.8584364308e-13 0)
(0.0122790697668 -7.20677039599e-14 0)
(0.0122790697677 3.25344222223e-14 0)
(0.0122790697673 -7.76902379636e-15 0)
(0.0122790697675 9.85474157139e-15 0)
(0.0122790697674 4.72149298579e-15 0)
(0.0122790697675 8.54467946224e-15 0)
(0.0122790697674 9.25759757629e-15 0)
(0.0122790697674 1.09965640972e-14 0)
(0.0122790697674 1.27999542458e-14 0)
(0.0122790697674 1.42985931617e-14 0)
(0.0122790697674 1.63394028027e-14 0)
(0.0122790697674 1.78387160143e-14 0)
(0.0122790697674 1.99824297919e-14 0)
(0.0122790697674 2.15235613978e-14 0)
(0.0122790697674 2.36672165597e-14 0)
(0.0122790697674 2.51870007471e-14 0)
(0.0122790697674 2.72376195726e-14 0)
(0.0122790697674 2.86780890424e-14 0)
(0.0122790697674 3.05546310744e-14 0)
(0.0122790697674 3.18590016146e-14 0)
(0.0122790697674 3.35141438546e-14 0)
(0.0122790697674 3.4634642357e-14 0)
(0.0122790697674 3.60252969133e-14 0)
(0.0122790697674 3.69284665487e-14 0)
(0.0122790697674 3.7966275643e-14 0)
(0.0122790697674 3.86093518161e-14 0)
(0.0122790697674 3.93089639256e-14 0)
(0.0122790697674 3.96735861302e-14 0)
(0.0122790697674 3.99663681916e-14 0)
(0.0122790697674 4.00653315004e-14 0)
(0.0122790697674 3.9963650563e-14 0)
(0.0122790697674 3.97548071696e-14 0)
(0.0122790697674 3.92250992167e-14 0)
(0.0122790697674 3.87328401989e-14 0)
(0.0122790697674 3.78055043237e-14 0)
(0.0122790697674 3.69839220916e-14 0)
(0.0122790697674 3.56366743409e-14 0)
(0.0122790697674 3.44972587159e-14 0)
(0.0122790697674 3.27216607242e-14 0)
(0.0122790697674 3.12782082078e-14 0)
(0.0122790697674 2.90313673952e-14 0)
(0.0122790697674 2.72546947328e-14 0)
(0.0122790697674 2.45777003387e-14 0)
(0.0122790697674 2.24757174166e-14 0)
(0.0122790697674 1.93503282285e-14 0)
(0.0122790697674 1.69293921882e-14 0)
(0.0122790697674 1.327279229e-14 0)
(0.0122790697674 1.0339958744e-14 0)
(0.0122790697674 5.79819174102e-15 0)
(0.0122790697674 2.21768394203e-15 0)
(0.0141661028162 -2.59860320486e-05 0)
(0.0146629117992 5.07477071515e-06 0)
(0.0144516579444 -8.76116549331e-06 0)
(0.0145356416728 6.86471753835e-07 0)
(0.01450193932 -1.22302989324e-06 0)
(0.0145154824074 2.32304688622e-07 0)
(0.0145100745032 -1.54079185813e-07 0)
(0.0145122482539 5.00471294059e-08 0)
(0.0145113788544 -2.16023047407e-08 0)
(0.0145117276502 8.71156678009e-09 0)
(0.014511587934 -3.36101162236e-09 0)
(0.0145116439304 1.40641390329e-09 0)
(0.0145116214876 -5.43725328197e-10 0)
(0.0145116304803 2.23491983386e-10 0)
(0.0145116268759 -8.82131718857e-11 0)
(0.0145116283202 3.56240421118e-11 0)
(0.0145116277414 -1.42382471939e-11 0)
(0.0145116279733 5.70446501178e-12 0)
(0.0145116278804 -2.29029594663e-12 0)
(0.0145116279176 9.15573340791e-13 0)
(0.0145116279027 -3.67130749634e-13 0)
(0.0145116279087 1.48512696497e-13 0)
(0.0145116279063 -5.62736218579e-14 0)
(0.0145116279073 2.75494974926e-14 0)
(0.0145116279069 -3.86279734851e-15 0)
(0.014511627907 1.0785406727e-14 0)
(0.014511627907 7.49870398293e-15 0)
(0.014511627907 1.12241694388e-14 0)
(0.014511627907 1.26900320956e-14 0)
(0.014511627907 1.48705467638e-14 0)
(0.014511627907 1.72734893184e-14 0)
(0.014511627907 1.9291452374e-14 0)
(0.014511627907 2.19304131577e-14 0)
(0.014511627907 2.39854509716e-14 0)
(0.014511627907 2.67207436998e-14 0)
(0.014511627907 2.88127968038e-14 0)
(0.014511627907 3.15397332258e-14 0)
(0.014511627907 3.35899141217e-14 0)
(0.014511627907 3.61890973335e-14 0)
(0.014511627907 3.81195185578e-14 0)
(0.014511627907 4.0502067088e-14 0)
(0.014511627907 4.22418002551e-14 0)
(0.014511627907 4.43354579395e-14 0)
(0.014511627907 4.58319870876e-14 0)
(0.014511627907 4.75782582894e-14 0)
(0.014511627907 4.87717975034e-14 0)
(0.014511627907 5.00752864859e-14 0)
(0.014511627907 5.09357525405e-14 0)
(0.014511627907 5.18011688946e-14 0)
(0.014511627907 5.22831596996e-14 0)
(0.014511627907 5.26473903179e-14 0)
(0.014511627907 5.27594694467e-14 0)
(0.014511627907 5.26148135131e-14 0)
(0.014511627907 5.23180159646e-14 0)
(0.014511627907 5.16467363767e-14 0)
(0.014511627907 5.09623528447e-14 0)
(0.014511627907 4.97841829618e-14 0)
(0.014511627907 4.86683998047e-14 0)
(0.014511627907 4.69441830921e-14 0)
(0.014511627907 4.54208692128e-14 0)
(0.014511627907 4.31463700607e-14 0)
(0.014511627907 4.11881321753e-14 0)
(0.014511627907 3.83262206918e-14 0)
(0.014511627907 3.59040380492e-14 0)
(0.014511627907 3.24776519688e-14 0)
(0.014511627907 2.96238139576e-14 0)
(0.014511627907 2.56112907811e-14 0)
(0.014511627907 2.22837983997e-14 0)
(0.014511627907 1.7594650317e-14 0)
(0.014511627907 1.36318465547e-14 0)
(0.014511627907 7.8713427122e-15 0)
(0.014511627907 3.04635478559e-15 0)
(0.0158435230068 -1.92539735722e-05 0)
(0.0163444785667 2.70766449462e-06 0)
(0.016126521524 -6.70934251265e-06 0)
(0.0162112013241 2.39661874607e-07 0)
(0.0161762733902 -9.48972506803e-07 0)
(0.0161900289867 1.41288754088e-07 0)
(0.0161844606999 -1.14683437869e-07 0)
(0.0161866826853 3.44263145873e-08 0)
(0.0161857911681 -1.54441587676e-08 0)
(0.0161861486121 6.18447807394e-09 0)
(0.01618600551 -2.36951472345e-09 0)
(0.0161860629179 1.0028506129e-09 0)
(0.0161860399303 -3.83551026134e-10 0)
(0.0161860491477 1.58971509885e-10 0)
(0.016186045455 -6.24113959802e-11 0)
(0.0161860469351 2.52788509172e-11 0)
(0.0161860463419 -1.00918563047e-11 0)
(0.0161860465796 4.04278435754e-12 0)
(0.0161860464844 -1.62479515984e-12 0)
(0.0161860465226 6.48505826852e-13 0)
(0.0161860465073 -2.60145777898e-13 0)
(0.0161860465134 1.06058380992e-13 0)
(0.0161860465109 -3.83193184779e-14 0)
(0.0161860465119 2.18755556193e-14 0)
(0.0161860465115 5.72648912941e-16 0)
(0.0161860465117 1.18579009764e-14 0)
(0.0161860465116 1.06322576041e-14 0)
(0.0161860465116 1.42939508384e-14 0)
(0.0161860465116 1.65520823836e-14 0)
(0.0161860465116 1.92316312311e-14 0)
(0.0161860465116 2.22673139039e-14 0)
(0.0161860465116 2.48841437957e-14 0)
(0.0161860465116 2.81430516426e-14 0)
(0.0161860465116 3.08228457913e-14 0)
(0.0161860465116 3.41734154899e-14 0)
(0.0161860465116 3.68742959568e-14 0)
(0.0161860465116 4.01796952077e-14 0)
(0.0161860465116 4.2817304403e-14 0)
(0.0161860465116 4.59735423608e-14 0)
(0.0161860465116 4.84297962307e-14 0)
(0.0161860465116 5.1304542908e-14 0)
(0.0161860465116 5.35183507883e-14 0)
(0.0161860465116 5.60531879518e-14 0)
(0.0161860465116 5.7946051336e-14 0)
(0.0161860465116 6.00377139591e-14 0)
(0.0161860465116 6.15326820707e-14 0)
(0.0161860465116 6.31064236411e-14 0)
(0.0161860465116 6.41731495483e-14 0)
(0.0161860465116 6.51951170332e-14 0)
(0.0161860465116 6.57998733169e-14 0)
(0.0161860465116 6.62211863681e-14 0)
(0.0161860465116 6.63292630902e-14 0)
(0.0161860465116 6.61519220099e-14 0)
(0.0161860465116 6.57540555526e-14 0)
(0.0161860465116 6.49323543787e-14 0)
(0.0161860465116 6.40217108581e-14 0)
(0.0161860465116 6.25783188895e-14 0)
(0.0161860465116 6.1141447704e-14 0)
(0.0161860465116 5.90313908041e-14 0)
(0.0161860465116 5.70538052655e-14 0)
(0.0161860465116 5.42858397376e-14 0)
(0.0161860465116 5.17499063879e-14 0)
(0.0161860465116 4.82608838509e-14 0)
(0.0161860465116 4.51384666513e-14 0)
(0.0161860465116 4.0939959664e-14 0)
(0.0161860465116 3.72316089456e-14 0)
(0.0161860465116 3.23158407812e-14 0)
(0.0161860465116 2.79798311604e-14 0)
(0.0161860465116 2.22372921616e-14 0)
(0.0161860465116 1.71197917087e-14 0)
(0.0161860465116 1.01390621827e-14 0)
(0.0161860465116 3.9870449337e-15 0)
(0.016963828908 -1.17914914906e-05 0)
(0.0174650658601 1.2124672063e-06 0)
(0.0172435899683 -4.19469509609e-06 0)
(0.0173282168318 2.87649091319e-08 0)
(0.0172925714016 -6.00457124963e-07 0)
(0.0173063833965 7.2417582734e-08 0)
(0.0173007271907 -7.05829547837e-08 0)
(0.0173029697278 1.98532456752e-08 0)
(0.0173020672269 -9.21506501408e-09 0)
(0.0173024287804 3.66401061503e-09 0)
(0.0173022840736 -1.39713766602e-09 0)
(0.0173023421661 5.96520137309e-10 0)
(0.0173023189212 -2.26196052047e-10 0)
(0.0173023282472 9.43859040998e-11 0)
(0.0173023245124 -3.68952029177e-11 0)
(0.0173023260097 1.49781961651e-11 0)
(0.0173023254098 -5.97615895784e-12 0)
(0.0173023256502 2.39185004195e-12 0)
(0.0173023255538 -9.63581433801e-13 0)
(0.0173023255924 3.83267973766e-13 0)
(0.017302325577 -1.53852952238e-13 0)
(0.0173023255832 6.39349002665e-14 0)
(0.0173023255807 -2.04094736472e-14 0)
(0.0173023255817 1.63909648947e-14 0)
(0.0173023255813 5.16690572444e-15 0)
(0.0173023255814 1.31819893942e-14 0)
(0.0173023255814 1.4026418177e-14 0)
(0.0173023255814 1.77193693234e-14 0)
(0.0173023255814 2.08070722766e-14 0)
(0.0173023255814 2.40511626409e-14 0)
(0.0173023255814 2.77198625426e-14 0)
(0.0173023255814 3.10163125934e-14 0)
(0.0173023255814 3.48779158849e-14 0)
(0.0173023255814 3.82480302554e-14 0)
(0.0173023255814 4.21970445198e-14 0)
(0.0173023255814 4.5569624194e-14 0)
(0.0173023255814 4.94472466489e-14 0)
(0.0173023255814 5.27107127244e-14 0)
(0.0173023255814 5.64012927913e-14 0)
(0.0173023255814 5.94235836613e-14 0)
(0.0173023255814 6.27741366812e-14 0)
(0.0173023255814 6.54848654178e-14 0)
(0.0173023255814 6.84344164734e-14 0)
(0.0173023255814 7.07364811102e-14 0)
(0.0173023255814 7.31587354244e-14 0)
(0.0173023255814 7.49792532908e-14 0)
(0.0173023255814 7.67938621339e-14 0)
(0.0173023255814 7.80683414468e-14 0)
(0.0173023255814 7.92434194698e-14 0)
(0.0173023255814 7.99529610726e-14 0)
(0.0173023255814 8.04216587925e-14 0)
(0.0173023255814 8.05170450621e-14 0)
(0.0173023255814 8.02926509208e-14 0)
(0.0173023255814 7.97735752827e-14 0)
(0.0173023255814 7.88017273656e-14 0)
(0.0173023255814 7.76428872539e-14 0)
(0.0173023255814 7.5930673097e-14 0)
(0.0173023255814 7.41249965646e-14 0)
(0.0173023255814 7.16479926133e-14 0)
(0.0173023255814 6.916445898e-14 0)
(0.0173023255814 6.59039000378e-14 0)
(0.0173023255814 6.27449459573e-14 0)
(0.0173023255814 5.86459305829e-14 0)
(0.0173023255814 5.47539677008e-14 0)
(0.0173023255814 4.97957411358e-14 0)
(0.0173023255814 4.51511822777e-14 0)
(0.0173023255814 3.93172886833e-14 0)
(0.0173023255814 3.38950606067e-14 0)
(0.0173023255814 2.70995452014e-14 0)
(0.0173023255814 2.07263365294e-14 0)
(0.0173023255814 1.25621626797e-14 0)
(0.0173023255814 5.00775912408e-15 0)
(0.0175244974971 -3.96571792728e-06 0)
(0.0180252502621 3.32001329002e-07 0)
(0.017802258275 -1.42558474739e-06 0)
(0.0178867233058 -1.09216987605e-08 0)
(0.0178507417443 -2.05483499913e-07 0)
(0.0178645586657 2.18436462277e-08 0)
(0.0178588629074 -2.38263556888e-08 0)
(0.0178611126214 6.45904167033e-09 0)
(0.0178602055642 -3.05895063795e-09 0)
(0.0178605687435 1.21089325592e-09 0)
(0.0178604234011 -4.60631378486e-10 0)
(0.0178604817703 1.97604950481e-10 0)
(0.017860458424 -7.4581154792e-11 0)
(0.0178604677938 3.12315541312e-11 0)
(0.0178604640423 -1.21853207146e-11 0)
(0.0178604655465 4.94690226166e-12 0)
(0.0178604649439 -1.97868556703e-12 0)
(0.0178604651854 7.86925628056e-13 0)
(0.0178604650886 -3.20800365886e-13 0)
(0.0178604651274 1.25459869123e-13 0)
(0.0178604651118 -5.05259702491e-14 0)
(0.0178604651181 2.3017727911e-14 0)
(0.0178604651156 -2.95135855243e-15 0)
(0.0178604651166 1.11467233001e-14 0)
(0.0178604651162 9.69422829653e-15 0)
(0.0178604651163 1.46062439503e-14 0)
(0.0178604651163 1.74567933715e-14 0)
(0.0178604651163 2.11973270466e-14 0)
(0.0178604651163 2.51089260896e-14 0)
(0.0178604651163 2.89325461751e-14 0)
(0.0178604651163 3.32141996249e-14 0)
(0.0178604651163 3.71941806262e-14 0)
(0.0178604651163 4.16458085507e-14 0)
(0.0178604651163 4.57144354983e-14 0)
(0.0178604651163 5.02207981281e-14 0)
(0.0178604651163 5.42420795592e-14 0)
(0.0178604651163 5.86642971081e-14 0)
(0.0178604651163 6.25428646511e-14 0)
(0.0178604651163 6.67121334853e-14 0)
(0.0178604651163 7.03012860017e-14 0)
(0.0178604651163 7.40868569229e-14 0)
(0.0178604651163 7.72823138292e-14 0)
(0.0178604651163 8.05976423692e-14 0)
(0.0178604651163 8.32940939832e-14 0)
(0.0178604651163 8.60063186303e-14 0)
(0.0178604651163 8.81318452181e-14 0)
(0.0178604651163 9.01632738377e-14 0)
(0.0178604651163 9.16349308606e-14 0)
(0.0178604651163 9.2931452097e-14 0)
(0.0178604651163 9.37277412419e-14 0)
(0.0178604651163 9.4235941484e-14 0)
(0.0178604651163 9.43108965135e-14 0)
(0.0178604651163 9.4022855233e-14 0)
(0.0178604651163 9.33664736281e-14 0)
(0.0178604651163 9.22464085153e-14 0)
(0.0178604651163 9.08344990705e-14 0)
(0.0178604651163 8.88706615881e-14 0)
(0.0178604651163 8.66879061221e-14 0)
(0.0178604651163 8.38609738858e-14 0)
(0.0178604651163 8.08848195461e-14 0)
(0.0178604651163 7.71623775172e-14 0)
(0.0178604651163 7.33814976957e-14 0)
(0.0178604651163 6.87116211997e-14 0)
(0.0178604651163 6.40345139089e-14 0)
(0.0178604651163 5.83737186547e-14 0)
(0.0178604651163 5.28056822422e-14 0)
(0.0178604651163 4.60956633724e-14 0)
(0.0178604651163 3.9577627475e-14 0)
(0.0178604651163 3.1795992372e-14 0)
(0.0178604651163 2.41791673593e-14 0)
(0.0178604651163 1.49303911588e-14 0)
(0.0178604651163 6.03839993836e-15 0)
(0.0175244974971 3.96571792213e-06 0)
(0.0180252502621 -3.32001336269e-07 0)
(0.017802258275 1.42558473856e-06 0)
(0.0178867233058 1.09216884241e-08 0)
(0.0178507417443 2.05483487923e-07 0)
(0.0178645586657 -2.18436596233e-08 0)
(0.0178588629074 2.38263408669e-08 0)
(0.0178611126214 -6.45905763042e-09 0)
(0.0178602055642 3.0589335566e-09 0)
(0.0178605687435 -1.21091101776e-09 0)
(0.0178604234011 4.60613128832e-10 0)
(0.0178604817703 -1.97623267791e-10 0)
(0.017860458424 7.45630232284e-11 0)
(0.0178604677938 -3.12490631802e-11 0)
(0.0178604640423 1.21688515437e-11 0)
(0.0178604655465 -4.96183073795e-12 0)
(0.0178604649439 1.96582524668e-12 0)
(0.0178604651854 -7.97269578134e-13 0)
(0.0178604650886 3.13689198507e-13 0)
(0.0178604651274 -1.28966839817e-13 0)
(0.0178604651118 5.14346760775e-14 0)
(0.0178604651181 -1.73822168823e-14 0)
(0.0178604651156 1.42048691342e-14 0)
(0.0178604651166 5.90984052284e-15 0)
(0.0178604651162 1.40758203922e-14 0)
(0.0178604651163 1.5885119785e-14 0)
(0.0178604651163 2.0672967568e-14 0)
(0.0178604651163 2.44714432222e-14 0)
(0.0178604651163 2.9093237065e-14 0)
(0.0178604651163 3.34848647999e-14 0)
(0.0178604651163 3.83012838216e-14 0)
(0.0178604651163 4.29253288704e-14 0)
(0.0178604651163 4.78705307178e-14 0)
(0.0178604651163 5.25822870366e-14 0)
(0.0178604651163 5.75471631504e-14 0)
(0.0178604651163 6.22024735927e-14 0)
(0.0178604651163 6.7044670898e-14 0)
(0.0178604651163 7.14907684214e-14 0)
(0.0178604651163 7.60581624909e-14 0)
(0.0178604651163 8.0155454033e-14 0)
(0.0178604651163 8.42850087111e-14 0)
(0.0178604651163 8.79176046637e-14 0)
(0.0178604651163 9.1511733491e-14 0)
(0.0178604651163 9.45560601188e-14 0)
(0.0178604651163 9.75002710552e-14 0)
(0.0178604651163 9.98836928253e-14 0)
(0.0178604651163 1.02080320149e-13 0)
(0.0178604651163 1.03727934776e-13 0)
(0.0178604651163 1.05111424285e-13 0)
(0.0178604651163 1.05968875386e-13 0)
(0.0178604651163 1.0649119963e-13 0)
(0.0178604651163 1.06529599283e-13 0)
(0.0178604651163 1.06189667064e-13 0)
(0.0178604651163 1.0539592436e-13 0)
(0.0178604651163 1.04130642768e-13 0)
(0.0178604651163 1.02472768274e-13 0)
(0.0178604651163 1.002995885e-13 0)
(0.0178604651163 9.77666458328e-14 0)
(0.0178604651163 9.46346246527e-14 0)
(0.0178604651163 9.12079489469e-14 0)
(0.0178604651163 8.70997352549e-14 0)
(0.0178604651163 8.272706695e-14 0)
(0.0178604651163 7.75872976907e-14 0)
(0.0178604651163 7.21853385701e-14 0)
(0.0178604651163 6.59352144187e-14 0)
(0.0178604651163 5.94997567877e-14 0)
(0.0178604651163 5.2087254413e-14 0)
(0.0178604651163 4.45160576366e-14 0)
(0.0178604651163 3.59161412683e-14 0)
(0.0178604651163 2.71389057326e-14 0)
(0.0178604651163 1.7018514814e-14 0)
(0.0178604651163 6.94642117775e-15 0)
(0.016963828908 1.17914914855e-05 0)
(0.0174650658601 -1.21246721343e-06 0)
(0.0172435899683 4.1946950874e-06 0)
(0.0173282168318 -2.87649193487e-08 0)
(0.0172925714016 6.00457113111e-07 0)
(0.0173063833965 -7.24175959588e-08 0)
(0.0173007271907 7.05829401456e-08 0)
(0.0173029697278 -1.98532614295e-08 0)
(0.0173020672269 9.21504815619e-09 0)
(0.0173024287804 -3.66402815831e-09 0)
(0.0173022840736 1.39711964457e-09 0)
(0.0173023421661 -5.96538241466e-10 0)
(0.0173023189212 2.26178150556e-10 0)
(0.0173023282472 -9.44031824507e-11 0)
(0.0173023245124 3.68789380407e-11 0)
(0.0173023260097 -1.49929378897e-11 0)
(0.0173023254098 5.9634527575e-12 0)
(0.0173023256502 -2.4020717972e-12 0)
(0.0173023255538 9.56544279124e-13 0)
(0.0173023255924 -3.86727399676e-13 0)
(0.017302325577 1.54716255349e-13 0)
(0.0173023255832 -5.84023263578e-14 0)
(0.0173023255807 3.14387810937e-14 0)
(0.0173023255817 3.77688639879e-16 0)
(0.0173023255813 1.81910897124e-14 0)
(0.0173023255814 1.67807321295e-14 0)
(0.0173023255814 2.34373071707e-14 0)
(0.0173023255814 2.71916311193e-14 0)
(0.0173023255814 3.24341445389e-14 0)
(0.0173023255814 3.72781286572e-14 0)
(0.0173023255814 4.25125083646e-14 0)
(0.0173023255814 4.76914502493e-14 0)
(0.0173023255814 5.30121807598e-14 0)
(0.0173023255814 5.82589106812e-14 0)
(0.0173023255814 6.35720617694e-14 0)
(0.0173023255814 6.87431538228e-14 0)
(0.0173023255814 7.38885620191e-14 0)
(0.0173023255814 7.88116603264e-14 0)
(0.0173023255814 8.36639902563e-14 0)
(0.0173023255814 8.81605250339e-14 0)
(0.0173023255814 9.25448268887e-14 0)
(0.0173023255814 9.65223673228e-14 0)
(0.0173023255814 1.00309595677e-13 0)
(0.0173023255814 1.0363356861e-13 0)
(0.0173023255814 1.06733418106e-13 0)
(0.0173023255814 1.09299554552e-13 0)
(0.0173023255814 1.11610175006e-13 0)
(0.0173023255814 1.13363628552e-13 0)
(0.0173023255814 1.14807106416e-13 0)
(0.0173023255814 1.1570079734e-13 0)
(0.0173023255814 1.16221434784e-13 0)
(0.0173023255814 1.16209710193e-13 0)
(0.0173023255814 1.15819563031e-13 0)
(0.0173023255814 1.14897518135e-13 0)
(0.0173023255814 1.13523308802e-13 0)
(0.0173023255814 1.11654139479e-13 0)
(0.0173023255814 1.09308331345e-13 0)
(0.0173023255814 1.06479801228e-13 0)
(0.0173023255814 1.03126346345e-13 0)
(0.0173023255814 9.93141721753e-14 0)
(0.0173023255814 9.49142711777e-14 0)
(0.0173023255814 9.00613998345e-14 0)
(0.0173023255814 8.45663993717e-14 0)
(0.0173023255814 7.85822707914e-14 0)
(0.0173023255814 7.18867983587e-14 0)
(0.0173023255814 6.47230650745e-14 0)
(0.0173023255814 5.67873960193e-14 0)
(0.0173023255814 4.83619259712e-14 0)
(0.0173023255814 3.91289165607e-14 0)
(0.0173023255814 2.94140718683e-14 0)
(0.0173023255814 1.86593278831e-14 0)
(0.0173023255814 7.67233231826e-15 0)
(0.0158435230068 1.92539735674e-05 0)
(0.0163444785667 -2.7076645015e-06 0)
(0.016126521524 6.70934250426e-06 0)
(0.0162112013241 -2.39661884516e-07 0)
(0.0161762733902 9.48972495324e-07 0)
(0.0161900289867 -1.41288766921e-07 0)
(0.0161844606999 1.14683423681e-07 0)
(0.0161866826853 -3.44263298806e-08 0)
(0.0161857911681 1.54441424238e-08 0)
(0.0161861486121 -6.18449509292e-09 0)
(0.01618600551 2.36949723961e-09 0)
(0.0161860629179 -1.00286817998e-09 0)
(0.0161860399303 3.8353365335e-10 0)
(0.0161860491477 -1.58988262052e-10 0)
(0.016186045455 6.23956194267e-11 0)
(0.0161860469351 -2.52931546995e-11 0)
(0.0161860463419 1.007953307e-11 0)
(0.0161860465796 -4.05270360453e-12 0)
(0.0161860464844 1.61796086641e-12 0)
(0.0161860465226 -6.51900393294e-13 0)
(0.0161860465073 2.60925215307e-13 0)
(0.0161860465134 -1.00756921885e-13 0)
(0.0161860465109 4.89115847052e-14 0)
(0.0161860465119 -5.74562050025e-15 0)
(0.0161860465115 2.18630273225e-14 0)
(0.0161860465117 1.6968745631e-14 0)
(0.0161860465116 2.53725264666e-14 0)
(0.0161860465116 2.88827360486e-14 0)
(0.0161860465116 3.45863073722e-14 0)
(0.0161860465116 3.97162340371e-14 0)
(0.0161860465116 4.51895565571e-14 0)
(0.0161860465116 5.07153253927e-14 0)
(0.0161860465116 5.62417611023e-14 0)
(0.0161860465116 6.18265279944e-14 0)
(0.0161860465116 6.73236071795e-14 0)
(0.0161860465116 7.28059103121e-14 0)
(0.0161860465116 7.81048443798e-14 0)
(0.0161860465116 8.33035673449e-14 0)
(0.0161860465116 8.82835671219e-14 0)
(0.0161860465116 9.30193040264e-14 0)
(0.0161860465116 9.7503477028e-14 0)
(0.0161860465116 1.01665982901e-13 0)
(0.0161860465116 1.05525319176e-13 0)
(0.0161860465116 1.09000905141e-13 0)
(0.0161860465116 1.12152540951e-13 0)
(0.0161860465116 1.14815813405e-13 0)
(0.0161860465116 1.17151479529e-13 0)
(0.0161860465116 1.18947028614e-13 0)
(0.0161860465116 1.20394672381e-13 0)
(0.0161860465116 1.21290573575e-13 0)
(0.0161860465116 1.21791259604e-13 0)
(0.0161860465116 1.21737524494e-13 0)
(0.0161860465116 1.21296956979e-13 0)
(0.0161860465116 1.20272817648e-13 0)
(0.0161860465116 1.18832020288e-13 0)
(0.0161860465116 1.1682311634e-13 0)
(0.0161860465116 1.1438295029e-13 0)
(0.0161860465116 1.11370650526e-13 0)
(0.0161860465116 1.07894746288e-13 0)
(0.0161860465116 1.03831002783e-13 0)
(0.0161860465116 9.93010084832e-14 0)
(0.0161860465116 9.4146250485e-14 0)
(0.0161860465116 8.84660628099e-14 0)
(0.0161860465116 8.21251901056e-14 0)
(0.0161860465116 7.52171273504e-14 0)
(0.0161860465116 6.76030634207e-14 0)
(0.0161860465116 5.93940562917e-14 0)
(0.0161860465116 5.04483085787e-14 0)
(0.0161860465116 4.09031911822e-14 0)
(0.0161860465116 3.06078691384e-14 0)
(0.0161860465116 1.9582029505e-14 0)
(0.0161860465116 8.10142051512e-15 0)
(0.0141661028162 2.59860320443e-05 0)
(0.0146629117992 -5.07477072163e-06 0)
(0.0144516579444 8.76116548536e-06 0)
(0.0145356416728 -6.86471763236e-07 0)
(0.01450193932 1.22302988234e-06 0)
(0.0145154824074 -2.32304700819e-07 0)
(0.0145100745032 1.54079172326e-07 0)
(0.0145122482539 -5.00471439423e-08 0)
(0.0145113788544 2.16022891929e-08 0)
(0.0145117276502 -8.7115829608e-09 0)
(0.014511587934 3.36099499441e-09 0)
(0.0145116439304 -1.40643061385e-09 0)
(0.0145116214876 5.43708791861e-10 0)
(0.0145116304803 -2.2350792924e-10 0)
(0.0145116268759 8.81981593875e-11 0)
(0.0145116283202 -3.5637650596e-11 0)
(0.0145116277414 1.4226494563e-11 0)
(0.0145116279733 -5.71390109593e-12 0)
(0.0145116278804 2.28373374997e-12 0)
(0.0145116279176 -9.18850073537e-13 0)
(0.0145116279027 3.67769692085e-13 0)
(0.0145116279087 -1.43575611956e-13 0)
(0.0145116279063 6.61710591326e-14 0)
(0.0145116279073 -1.24003292132e-14 0)
(0.0145116279069 2.48996085929e-14 0)
(0.014511627907 1.62848951498e-14 0)
(0.014511627907 2.62965984028e-14 0)
(0.014511627907 2.93304280887e-14 0)
(0.014511627907 3.53281113388e-14 0)
(0.014511627907 4.04813457551e-14 0)
(0.014511627907 4.6009545339e-14 0)
(0.014511627907 5.16376112098e-14 0)
(0.014511627907 5.71738378897e-14 0)
(0.014511627907 6.28625465301e-14 0)
(0.014511627907 6.83466304236e-14 0)
(0.014511627907 7.38921329958e-14 0)
(0.014511627907 7.91691464752e-14 0)
(0.014511627907 8.44171178091e-14 0)
(0.014511627907 8.9353469186e-14 0)
(0.014511627907 9.41378938676e-14 0)
(0.014511627907 9.85688485885e-14 0)
(0.014511627907 1.02747773196e-13 0)
(0.014511627907 1.06549990462e-13 0)
(0.014511627907 1.1003058214e-13 0)
(0.014511627907 1.13114700948e-13 0)
(0.014511627907 1.157834867e-13 0)
(0.014511627907 1.18054327924e-13 0)
(0.014511627907 1.19837215038e-13 0)
(0.014511627907 1.21230915218e-13 0)
(0.014511627907 1.22085911255e-13 0)
(0.014511627907 1.22546168364e-13 0)
(0.014511627907 1.22456237396e-13 0)
(0.014511627907 1.21979104638e-13 0)
(0.014511627907 1.20907538999e-13 0)
(0.014511627907 1.19442114748e-13 0)
(0.014511627907 1.1737476594e-13 0)
(0.014511627907 1.14931857435e-13 0)
(0.014511627907 1.11857552466e-13 0)
(0.014511627907 1.08380515368e-13 0)
(0.014511627907 1.04256166797e-13 0)
(0.014511627907 9.97433747442e-14 0)
(0.014511627907 9.45085092265e-14 0)
(0.014511627907 8.88524780035e-14 0)
(0.014511627907 8.24238388746e-14 0)
(0.014511627907 7.55402101447e-14 0)
(0.014511627907 6.78207319428e-14 0)
(0.014511627907 5.96391531785e-14 0)
(0.014511627907 5.05433577661e-14 0)
(0.014511627907 4.10416325813e-14 0)
(0.014511627907 3.06036266194e-14 0)
(0.014511627907 1.96645152068e-14 0)
(0.014511627907 8.18761186849e-15 0)
(0.0119366805675 3.13940533502e-05 0)
(0.0124190869371 -8.11958045108e-06 0)
(0.0122200980175 1.00179992994e-05 0)
(0.0123013998378 -1.32924980396e-06 0)
(0.0122697262214 1.38690148242e-06 0)
(0.0122827095108 -3.33069527546e-07 0)
(0.0122775888538 1.84168676988e-07 0)
(0.0122796595274 -6.45829885153e-08 0)
(0.0122788331793 2.69415428638e-08 0)
(0.0122791647139 -1.09146459602e-08 0)
(0.0122790317995 4.24653544786e-09 0)
(0.0122790850137 -1.7556386763e-09 0)
(0.0122790636667 6.86225196261e-10 0)
(0.0122790722147 -2.79760885206e-10 0)
(0.0122790687872 1.10983959429e-10 0)
(0.0122790701604 -4.4710062015e-11 0)
(0.01227906961 1.78745746935e-11 0)
(0.0122790698305 -7.17382168211e-12 0)
(0.0122790697422 2.86900692065e-12 0)
(0.0122790697776 -1.1534509948e-12 0)
(0.0122790697634 4.61637341427e-13 0)
(0.0122790697691 -1.8146267142e-13 0)
(0.0122790697668 8.09290527292e-14 0)
(0.0122790697677 -1.89190488303e-14 0)
(0.0122790697673 2.66783420558e-14 0)
(0.0122790697675 1.45256426289e-14 0)
(0.0122790697674 2.57009371819e-14 0)
(0.0122790697675 2.80071851388e-14 0)
(0.0122790697674 3.39690976846e-14 0)
(0.0122790697674 3.88386132529e-14 0)
(0.0122790697674 4.41340944292e-14 0)
(0.0122790697674 4.95133630368e-14 0)
(0.0122790697674 5.47747100488e-14 0)
(0.0122790697674 6.02250723501e-14 0)
(0.0122790697674 6.54180025771e-14 0)
(0.0122790697674 7.07130642734e-14 0)
(0.0122790697674 7.56952545064e-14 0)
(0.0122790697674 8.06906209486e-14 0)
(0.0122790697674 8.53325448124e-14 0)
(0.0122790697674 8.98862468168e-14 0)
(0.0122790697674 9.40395251404e-14 0)
(0.0122790697674 9.80046557918e-14 0)
(0.0122790697674 1.01560350826e-13 0)
(0.0122790697674 1.04851663925e-13 0)
(0.0122790697674 1.0772528502e-13 0)
(0.0122790697674 1.10245519757e-13 0)
(0.0122790697674 1.12345787376e-13 0)
(0.0122790697674 1.14015194305e-13 0)
(0.0122790697674 1.15279218959e-13 0)
(0.0122790697674 1.16068290795e-13 0)
(0.0122790697674 1.16474820554e-13 0)
(0.0122790697674 1.16348959523e-13 0)
(0.0122790697674 1.15869423854e-13 0)
(0.0122790697674 1.14811742826e-13 0)
(0.0122790697674 1.13409577597e-13 0)
(0.0122790697674 1.11412237898e-13 0)
(0.0122790697674 1.09086232966e-13 0)
(0.0122790697674 1.06129162882e-13 0)
(0.0122790697674 1.02838338742e-13 0)
(0.0122790697674 9.88928305595e-14 0)
(0.0122790697674 9.46188247402e-14 0)
(0.0122790697674 8.96236221256e-14 0)
(0.0122790697674 8.42807906485e-14 0)
(0.0122790697674 7.81521763471e-14 0)
(0.0122790697674 7.16526166206e-14 0)
(0.0122790697674 6.42903719942e-14 0)
(0.0122790697674 5.65615037938e-14 0)
(0.0122790697674 4.78661424544e-14 0)
(0.0122790697674 3.8884969296e-14 0)
(0.0122790697674 2.8934801226e-14 0)
(0.0122790697674 1.86133702474e-14 0)
(0.0122790697674 7.78864746216e-15 0)
(0.00916531170687 3.36687641764e-05 0)
(0.00961037175223 -1.05040029143e-05 0)
(0.00943370156898 9.83218417502e-06 0)
(0.00950810629814 -1.90191356693e-06 0)
(0.00947988927556 1.36426862505e-06 0)
(0.00949163418675 -3.98584742985e-07 0)
(0.00948703923505 1.91623039112e-07 0)
(0.00948890294963 -7.1459714176e-08 0)
(0.00948815955035 2.90937123438e-08 0)
(0.00948845758063 -1.18015578597e-08 0)
(0.00948833797201 4.63100338307e-09 0)
(0.00948838581264 -1.89392462214e-09 0)
(0.00948836660755 7.47304914152e-10 0)
(0.00948837429438 -3.02568317669e-10 0)
(0.00948837121144 1.20548735476e-10 0)
(0.00948837244641 -4.84501154704e-11 0)
(0.00948837195141 1.93903440484e-11 0)
(0.00948837214978 -7.77883374707e-12 0)
(0.00948837207028 3.11185010951e-12 0)
(0.00948837210214 -1.25063784269e-12 0)
(0.00948837208938 5.00464257849e-13 0)
(0.00948837209449 -1.97564457832e-13 0)
(0.00948837209244 8.63059607225e-14 0)
(0.00948837209326 -2.27640197089e-14 0)
(0.00948837209293 2.58752462101e-14 0)
(0.00948837209307 1.17975634827e-14 0)
(0.00948837209301 2.29968103576e-14 0)
(0.00948837209304 2.44840819879e-14 0)
(0.00948837209303 2.99412935177e-14 0)
(0.00948837209303 3.41434884087e-14 0)
(0.00948837209303 3.88216313383e-14 0)
(0.00948837209303 4.35401118363e-14 0)
(0.00948837209303 4.81447478718e-14 0)
(0.00948837209303 5.29373888604e-14 0)
(0.00948837209303 5.74752454841e-14 0)
(0.00948837209303 6.21217114465e-14 0)
(0.00948837209303 6.64579869356e-14 0)
(0.00948837209303 7.08344639658e-14 0)
(0.00948837209303 7.48586492715e-14 0)
(0.00948837209303 7.88381655347e-14 0)
(0.00948837209303 8.24409663343e-14 0)
(0.00948837209303 8.58975338161e-14 0)
(0.00948837209303 8.8968228995e-14 0)
(0.00948837209303 9.18331266561e-14 0)
(0.00948837209302 9.43092361929e-14 0)
(0.00948837209302 9.64953416405e-14 0)
(0.00948837209302 9.82953591365e-14 0)
(0.00948837209302 9.97323600097e-14 0)
(0.00948837209302 1.00802527789e-13 0)
(0.00948837209302 1.01475754203e-13 0)
(0.00948837209302 1.01801270353e-13 0)
(0.00948837209302 1.01668948361e-13 0)
(0.00948837209302 1.01221167994e-13 0)
(0.00948837209302 1.00268095069e-13 0)
(0.00948837209302 9.90332023877e-14 0)
(0.00948837209302 9.72721812606e-14 0)
(0.00948837209302 9.52244470702e-14 0)
(0.00948837209302 9.26268272229e-14 0)
(0.00948837209302 8.97551782228e-14 0)
(0.00948837209302 8.62894723971e-14 0)
(0.00948837209302 8.25655508692e-14 0)
(0.00948837209302 7.81906800439e-14 0)
(0.00948837209302 7.35425642852e-14 0)
(0.00948837209302 6.81754753512e-14 0)
(0.00948837209302 6.25297521791e-14 0)
(0.00948837209302 5.60853966409e-14 0)
(0.00948837209302 4.93463659979e-14 0)
(0.00948837209302 4.17361733949e-14 0)
(0.00948837209301 3.39057388526e-14 0)
(0.00948837209301 2.52082704616e-14 0)
(0.00948837209301 1.6234777186e-14 0)
(0.00948837209301 6.8100844809e-15 0)
(0.00587214178372 2.70021013483e-05 0)
(0.00623183866406 -9.59583379972e-06 0)
(0.00609552731724 7.31350242035e-06 0)
(0.006154932015 -1.85480562721e-06 0)
(0.00613284264744 1.03041493995e-06 0)
(0.00614210371411 -3.48090564766e-07 0)
(0.00613848763161 1.52220565372e-07 0)
(0.00613995326206 -5.92038148132e-08 0)
(0.00613936783614 2.3759092011e-08 0)
(0.00613960220456 -9.62665094043e-09 0)
(0.00613950804616 3.8055029104e-09 0)
(0.00613954568145 -1.54327125936e-09 0)
(0.00613953056753 6.13229710558e-10 0)
(0.00613953661588 -2.47059210004e-10 0)
(0.00613953418999 9.87276083179e-11 0)
(0.00613953516178 -3.96185935862e-11 0)
(0.00613953477228 1.5865918141e-11 0)
(0.00613953492838 -6.36380839014e-12 0)
(0.00613953486583 2.54589880206e-12 0)
(0.0061395348909 -1.02312717819e-12 0)
(0.00613953488085 4.0934020961e-13 0)
(0.00613953488488 -1.61961732822e-13 0)
(0.00613953488326 6.9989203085e-14 0)
(0.00613953488391 -1.95660595844e-14 0)
(0.00613953488365 1.99039124272e-14 0)
(0.00613953488376 8.017176673e-15 0)
(0.00613953488371 1.68080852673e-14 0)
(0.00613953488373 1.76213687856e-14 0)
(0.00613953488373 2.16777208732e-14 0)
(0.00613953488373 2.4677827739e-14 0)
(0.00613953488373 2.80697267926e-14 0)
(0.00613953488373 3.14787709825e-14 0)
(0.00613953488373 3.47976102763e-14 0)
(0.00613953488373 3.82672312289e-14 0)
(0.00613953488373 4.15342645127e-14 0)
(0.00613953488373 4.49036182867e-14 0)
(0.00613953488373 4.80103775731e-14 0)
(0.00613953488373 5.11700298679e-14 0)
(0.00613953488373 5.40538038395e-14 0)
(0.00613953488372 5.69265556971e-14 0)
(0.00613953488372 5.95109020549e-14 0)
(0.00613953488372 6.20036609814e-14 0)
(0.00613953488372 6.41970663685e-14 0)
(0.00613953488372 6.6252105989e-14 0)
(0.00613953488372 6.80124172248e-14 0)
(0.00613953488372 6.95762489093e-14 0)
(0.00613953488372 7.0857872182e-14 0)
(0.00613953488372 7.1884396986e-14 0)
(0.00613953488372 7.26393430231e-14 0)
(0.00613953488372 7.31072698616e-14 0)
(0.00613953488372 7.33200462953e-14 0)
(0.00613953488372 7.32275161487e-14 0)
(0.00613953488372 7.28805612131e-14 0)
(0.00613953488372 7.21901563408e-14 0)
(0.00613953488372 7.12843665704e-14 0)
(0.00613953488372 7.00037133325e-14 0)
(0.00613953488372 6.85287723842e-14 0)
(0.00613953488372 6.66466740936e-14 0)
(0.00613953488372 6.45798975983e-14 0)
(0.00613953488372 6.2074357477e-14 0)
(0.00613953488372 5.93956692669e-14 0)
(0.00613953488372 5.62458761522e-14 0)
(0.00613953488372 5.29125512847e-14 0)
(0.00613953488372 4.90415697021e-14 0)
(0.00613953488371 4.49895832204e-14 0)
(0.00613953488371 4.03359276576e-14 0)
(0.00613953488371 3.54942794722e-14 0)
(0.00613953488371 3.00121875437e-14 0)
(0.00613953488371 2.4389710523e-14 0)
(0.00613953488371 1.81199561134e-14 0)
(0.00613953488371 1.16785804927e-14 0)
(0.00613953488371 4.89668044992e-15 0)
(0.00209651914794 4.37079487584e-06 0)
(0.00227506407187 -7.6461796168e-06 0)
(0.00221081714958 3.69300900474e-06 0)
(0.00224008835678 -1.3463801506e-06 0)
(0.00222931046129 5.68573907396e-07 0)
(0.00223381648868 -2.21957831243e-07 0)
(0.00223204927878 8.97578902129e-08 0)
(0.00223276249904 -3.59365416898e-08 0)
(0.0022324767836 1.43627492199e-08 0)
(0.00223259096778 -5.77594600271e-09 0)
(0.00223254505628 2.30761893165e-09 0)
(0.00223256340239 -9.2683286168e-10 0)
(0.00223255603506 3.70916378808e-10 0)
(0.0022325589838 -1.48756750942e-10 0)
(0.00223255780131 5.95933484801e-11 0)
(0.00223255827508 -2.38869048041e-11 0)
(0.00223255808521 9.57014628466e-12 0)
(0.0022325581613 -3.83753638412e-12 0)
(0.00223255813081 1.53603591602e-12 0)
(0.00223255814303 -6.1673755624e-13 0)
(0.00223255813814 2.46852436356e-13 0)
(0.0022325581401 -9.820316763e-14 0)
(0.00223255813931 4.11855799942e-14 0)
(0.00223255813963 -1.34271683028e-14 0)
(0.0022325581395 9.76300206336e-15 0)
(0.00223255813955 1.90801001564e-15 0)
(0.00223255813953 6.52948774079e-15 0)
(0.00223255813954 6.26456619586e-15 0)
(0.00223255813954 7.9752241458e-15 0)
(0.00223255813954 8.9805183737e-15 0)
(0.00223255813954 1.02572101402e-14 0)
(0.00223255813954 1.14895534328e-14 0)
(0.00223255813954 1.27029205334e-14 0)
(0.00223255813954 1.39716419767e-14 0)
(0.00223255813954 1.51598864507e-14 0)
(0.00223255813954 1.63889491494e-14 0)
(0.00223255813954 1.75246780893e-14 0)
(0.00223255813954 1.86794641564e-14 0)
(0.00223255813954 1.9730557373e-14 0)
(0.00223255813954 2.07762668911e-14 0)
(0.00223255813954 2.17170554868e-14 0)
(0.00223255813954 2.26282851641e-14 0)
(0.00223255813954 2.34223448313e-14 0)
(0.00223255813954 2.41730185805e-14 0)
(0.00223255813954 2.48084695985e-14 0)
(0.00223255813954 2.53737837367e-14 0)
(0.00223255813954 2.58371476773e-14 0)
(0.00223255813954 2.62113808426e-14 0)
(0.00223255813953 2.64834855624e-14 0)
(0.00223255813953 2.665362227e-14 0)
(0.00223255813953 2.67239980156e-14 0)
(0.00223255813953 2.66911105063e-14 0)
(0.00223255813953 2.65642824911e-14 0)
(0.00223255813953 2.63095553518e-14 0)
(0.00223255813953 2.59728613397e-14 0)
(0.00223255813953 2.55052061124e-14 0)
(0.00223255813953 2.49692736764e-14 0)
(0.00223255813953 2.42798386341e-14 0)
(0.00223255813953 2.35273865651e-14 0)
(0.00223255813953 2.26138928026e-14 0)
(0.00223255813953 2.16372235882e-14 0)
(0.00223255813953 2.04887139756e-14 0)
(0.00223255813953 1.92790920957e-14 0)
(0.00223255813953 1.78702408629e-14 0)
(0.00223255813953 1.63958531178e-14 0)
(0.00223255813953 1.46938759525e-14 0)
(0.00223255813953 1.29375090582e-14 0)
(0.00223255813953 1.09362488125e-14 0)
(0.00223255813953 8.8967260822e-15 0)
(0.00223255813953 6.61286606667e-15 0)
(0.00223255813953 4.28611506278e-15 0)
(0.00223255813953 1.78610998899e-15 0)
)
;

boundaryField
{
    inlet
    {
        type            fixedValue;
        value           nonuniform List<vector> 
16
(
(0.00217543859649 0 0)
(0.00610526315789 0 0)
(0.00947368421053 0 0)
(0.0122807017544 0 0)
(0.0145263157895 0 0)
(0.0162105263158 0 0)
(0.0173333333333 0 0)
(0.0178947368421 0 0)
(0.0178947368421 0 0)
(0.0173333333333 0 0)
(0.0162105263158 0 0)
(0.0145263157895 0 0)
(0.0122807017544 0 0)
(0.00947368421053 0 0)
(0.00610526315789 0 0)
(0.00217543859649 0 0)
)
;
    }
    outlet
    {
        type            zeroGradient;
    }
    walls
    {
        type            noSlip;
    }
    frontAndBack
    {
        type            empty;
    }
}


// ************************************************************************* //
